08200001000000000000000240430000000000495870005000000000010413
08200001000000000000000240440000000000545450005000000000011455
08200001000000000000000240450000000001195450005000000000025105
08200001000000000000000240460000000001305790005000000000027421
08200001000000000000000240470000000000652890005000000000013711
08200001000000000000000240480000000000404960005000000000008504
08200001000000000000000240520000000000702480005000000000014752
08200001000000000000000240530000000000652890005000000000013711
08200001000000000000000240540000000000082640005000000000001736
08200001000000000000000240550000000001790910005000000000037609
08200001000000000000000240560000000000347110005000000000007289
08200001000000000000000240570000000000404960005000000000008504
08200001000000000000000240580000000000595040005000000000012496
08200001000000000000000240490000000000818180005000000000017182
08200001000000000000000240500000000000652890005000000000013711
08200001000000000000000240510000000000236360005000000000004964
08200001000000000000000240640000000000239670005000000000005033
08200001000000000000000240650000000000404960005000000000008504
08200001000000000000000240660000000000041320005000000000000868
08200001000000000000000240670000000000672730005000000000014127
08200001000000000000000240680000000000495870005000000000010413
08200001000000000000000240590000000000652890005000000000013711
08200001000000000000000240600000000001772730005000000000037227
08200001000000000000000240610000000000942150005000000000019785
08200001000000000000000240620000000000206610005000000000004339
08200001000000000000000240630000000001263640005000000000026536
08200001000000000000000240690000000000404960005000000000008504
08200001000000000000000240700000000000801650005000000000016835
08200001000000000000000240710000000000475210005000000000009979
08200001000000000000000240720000000000445450005000000000009355
08200001000000000000000240730000000000404960005000000000008504
08200001000000000000000240740000000001890910005000000000039709
08200001000000000000000240750000000000991740005000000000020826
08200001000000000000000240770000000001619830005000000000034017
08200001000000000000000240780000000000652890005000000000013711
08200001000000000000000240790000000000702480005000000000014752
08200001000000000000000240800000000000289260005000000000006074
08200001000000000000000240810000000000099170005000000000002083
08200001000000000000000240820000000000790000005000000000016590
08200001000000000000000240830000000000250000005000000000005250
08200001000000000000000240840000000000764460005000000000016054
08200001000000000000000240850000000000661160005000000000013884
08200001000000000000000240760000000000239670005000000000005033
08200001000000000000000240900000000000289260005000000000006074
08200001000000000000000240910000000000619830005000000000013017
08200001000000000000000240920000000000500000005000000000010500
08200001000000000000000240930000000000652890005000000000013711
08200001000000000000000240860000000000404960005000000000008504
08200001000000000000000240870000000000247930005000000000005207
08200001000000000000000240880000000000446280005000000000009372
08200001000000000000000240890000000000793390005000000000016661
08200001000000000000000241030000000000206610005000000000004339
08200001000000000000000241040000000000206610005000000000004339
08200001000000000000000241050000000000206610005000000000004339
08200001000000000000000240940000000001347110005000000000028289
08200001000000000000000240950000000000206610005000000000004339
08200001000000000000000240960000000000892560005000000000018744
08200001000000000000000240970000000001776860005000000000037314
08200001000000000000000240980000000000165290005000000000003471
08200001000000000000000240990000000000107440005000000000002256
08200001000000000000000241000000000000082640005000000000001736
08200001000000000000000241010000000000227270005000000000004773
08200001000000000000000241020000000000785120005000000000016488
08200001000000000000000241160000000000206610005000000000004339
08200001000000000000000241170000000000490910005000000000010309
08200001000000000000000241180000000000413220005000000000008678
08200001000000000000000241060000000000413220005000000000008678
08200001000000000000000241190000000000181820005000000000003818
08200001000000000000000241070000000000413220005000000000008678
08200001000000000000000241200000000001917360005000000000040264
08200001000000000000000241080000000000619830005000000000013017
08200001000000000000000241090000000002004130005000000000042087
08200001000000000000000241100000000000206610005000000000004339
08200001000000000000000241110000000000148760005000000000003124
08200001000000000000000241120000000000165290005000000000003471
08200001000000000000000241130000000000445450005000000000009355
08200001000000000000000241140000000000041320005000000000000868
08200001000000000000000241150000000000214880005000000000004512
08200001000000000000000241280000000000809920005000000000017008
08200001000000000000000241290000000000735540005000000000015446
08200001000000000000000241300000000002100000005000000000044100
08200001000000000000000241310000000000790910005000000000016609
08200001000000000000000241320000000001619830005000000000034017
08200001000000000000000241330000000000165290005000000000003471
08200001000000000000000241210000000000239670005000000000005033
08200001000000000000000241340000000000289260005000000000006074
08200001000000000000000241220000000000413220005000000000008678
08200001000000000000000241350000000001140500005000000000023950
08200001000000000000000241230000000000107440005000000000002256
08200001000000000000000241360000000000330580005000000000006942
08200001000000000000000241240000000000487600005000000000010240
08200001000000000000000241370000000000652890005000000000013711
08200001000000000000000241250000000000206610005000000000004339
08200001000000000000000241380000000000165290005000000000003471
08200001000000000000000241260000000000404960005000000000008504
08200001000000000000000241390000000000537190005000000000011281
08200001000000000000000241270000000000289260005000000000006074
08200001000000000000000241400000000000685950005000000000014405
08200001000000000000000241410000000000206610005000000000004339
08200001000000000000000241540000000000206610005000000000004339
08200001000000000000000241420000000000289260005000000000006074
08200001000000000000000241550000000000413220005000000000008678
08200001000000000000000241430000000000279340005000000000005866
08200001000000000000000241440000000000537190005000000000011281
08200001000000000000000241450000000001072730005000000000022527
08200001000000000000000241460000000000578510005000000000012149
08200001000000000000000241470000000000942150005000000000019785
08200001000000000000000241480000000000479340005000000000010066
08200001000000000000000241490000000000479340005000000000010066
08200001000000000000000241500000000000165290005000000000003471
08200001000000000000000241510000000000206610005000000000004339
08200001000000000000000241520000000000495870005000000000010413
08200001000000000000000241530000000000322310005000000000006769
08200001000000000000000241670000000000165290005000000000003471
08200001000000000000000241680000000000223140005000000000004686
08200001000000000000000241560000000000239670005000000000005033
08200001000000000000000241690000000000206610005000000000004339
08200001000000000000000241570000000000801650005000000000016835
08200001000000000000000241700000000000536360005000000000011264
08200001000000000000000241580000000000206610005000000000004339
08200001000000000000000241710000000000495870005000000000010413
08200001000000000000000241590000000002644630005000000000055537
08200001000000000000000241720000000000702480005000000000014752
08200001000000000000000241600000000001231400005000000000025860
08200001000000000000000241610000000000578510005000000000012149
08200001000000000000000241620000000000239670005000000000005033
08200001000000000000000241630000000000297520005000000000006248
08200001000000000000000241640000000000445450005000000000009355
08200001000000000000000241650000000000619830005000000000013017
08200001000000000000000241660000000000206610005000000000004339
08200001000000000000000241800000000000570250005000000000011975
08200001000000000000000241810000000000404960005000000000008504
08200001000000000000000241820000000000165290005000000000003471
08200001000000000000000241830000000000652890005000000000013711
08200001000000000000000241840000000000165290005000000000003471
08200001000000000000000241850000000001388430005000000000029157
08200001000000000000000241730000000000289260005000000000006074
08200001000000000000000241860000000002000000005000000000042000
08200001000000000000000241740000000000652890005000000000013711
08200001000000000000000241870000000000206610005000000000004339
08200001000000000000000241750000000000619830005000000000013017
08200001000000000000000241880000000001363640005000000000028636
08200001000000000000000241760000000000157020005000000000003298
08200001000000000000000241770000000000066120005000000000001388
08200001000000000000000241780000000000239670005000000000005033
08200001000000000000000241790000000000652890005000000000013711
08200001000000000000000241920000000000446280005000000000009372
08200001000000000000000241930000000000227270005000000000004773
08200001000000000000000241940000000000239670005000000000005033
08200001000000000000000241950000000000148760005000000000003124
08200001000000000000000241960000000000330580005000000000006942
08200001000000000000000241970000000001528930005000000000032107
08200001000000000000000241980000000001057850005000000000022215
08200001000000000000000241990000000000735540005000000000015446
08200001000000000000000242000000000000322310005000000000006769
08200001000000000000000242010000000000776860005000000000016314
08200001000000000000000241890000000000066120005000000000001388
08200001000000000000000241900000000000227270005000000000004773
08200001000000000000000241910000000000318180005000000000006682
08200001000000000000000242050000000000445450005000000000009355
08200001000000000000000242060000000000809920005000000000017008
08200001000000000000000242070000000000763640005000000000016036
08200001000000000000000242080000000001214880005000000000025512
08200001000000000000000242090000000000165290005000000000003471
08200001000000000000000242100000000001876030005000000000039397
08200001000000000000000242110000000000487600005000000000010240
08200001000000000000000242120000000000165290005000000000003471
08200001000000000000000242130000000000487600005000000000010240
08200001000000000000000242140000000000289260005000000000006074
08200001000000000000000242020000000000652890005000000000013711
08200001000000000000000242030000000000247930005000000000005207
08200001000000000000000242040000000000363640005000000000007636
08200001000000000000000242180000000000206610005000000000004339
08200001000000000000000242310000000000719010005000000000015099
08200001000000000000000242190000000001462810005000000000030719
08200001000000000000000242320000000001534710005000000000032229
08200001000000000000000242200000000000227270005000000000004773
08200001000000000000000242330000000000536360005000000000011264
08200001000000000000000242210000000001148760005000000000024124
08200001000000000000000242340000000000561980005000000000011802
08200001000000000000000242220000000000487600005000000000010240
08200001000000000000000242230000000000661160005000000000013884
08200001000000000000000242240000000000446280005000000000009372
08200001000000000000000242250000000000727270005000000000015273
08200001000000000000000242260000000000371900005000000000007810
08200001000000000000000242270000000000330580005000000000006942
08200001000000000000000242150000000000181820005000000000003818
08200001000000000000000242280000000000165290005000000000003471
08200001000000000000000242160000000000652890005000000000013711
08200001000000000000000242290000000000537190005000000000011281
08200001000000000000000242170000000000239670005000000000005033
08200001000000000000000242300000000000727270005000000000015273
08200001000000000000000242440000000001107440005000000000023256
08200001000000000000000242450000000000727270005000000000015273
08200001000000000000000242460000000000702480005000000000014752
08200001000000000000000242470000000000330580005000000000006942
08200001000000000000000242350000000001842980005000000000038702
08200001000000000000000242480000000000570250005000000000011975
08200001000000000000000242360000000001231400005000000000025860
08200001000000000000000242490000000001354550005000000000028445
08200001000000000000000242370000000000289260005000000000006074
08200001000000000000000242380000000000652890005000000000013711
08200001000000000000000242390000000000611570005000000000012843
08200001000000000000000242400000000000735540005000000000015446
08200001000000000000000242410000000000690910005000000000014509
08200001000000000000000242420000000000206610005000000000004339
08200001000000000000000242430000000002210740005000000000046426
08200001000000000000000242560000000001231400005000000000025860
08200001000000000000000242570000000000318180005000000000006682
08200001000000000000000242580000000000454550005000000000009545
08200001000000000000000242590000000000330580005000000000006942
08200001000000000000000242600000000000330580005000000000006942
08200001000000000000000242500000000000165290005000000000003471
08200001000000000000000242510000000001072730005000000000022527
08200001000000000000000242520000000000206610005000000000004339
08200001000000000000000242530000000001231400005000000000025860
08200001000000000000000242540000000000578510005000000000012149
08200001000000000000000242550000000000354550005000000000007445
08200001000000000000000242690000000000206610005000000000004339
08200001000000000000000242700000000000735540005000000000015446
08200001000000000000000242710000000000322310005000000000006769
08200001000000000000000242720000000000561980005000000000011802
08200001000000000000000242730000000000206610005000000000004339
08200001000000000000000242610000000000487600005000000000010240
08200001000000000000000242620000000000165290005000000000003471
08200001000000000000000242630000000001627270005000000000034173
08200001000000000000000242640000000000404960005000000000008504
08200001000000000000000242650000000000123970005000000000002603
08200001000000000000000242660000000002057850005000000000043215
08200001000000000000000242670000000003808180005000000000079972
08200001000000000000000242680000000000991740005000000000020826
08200001000000000000000242820000000000652890005000000000013711
08200001000000000000000242830000000001190080005000000000024992
08200001000000000000000242840000000003289260005000000000069074
08200001000000000000000242740000000001446280005000000000030372
08200001000000000000000242750000000000263640005000000000005536
08200001000000000000000242760000000000239670005000000000005033
08200001000000000000000242770000000000206610005000000000004339
08200001000000000000000242780000000000206610005000000000004339
08200001000000000000000242790000000000495870005000000000010413
08200001000000000000000242800000000000206610005000000000004339
08200001000000000000000242810000000000681820005000000000014318
08200001000000000000000242950000000001239670005000000000026033
11300001000000000000000001260000000001072730005000000000022527
08200001000000000000000242960000000001072730005000000000022527
11300001000000000000000001270000000000322310005000000000006769
08200001000000000000000242970000000001072730005000000000022527
08200001000000000000000242850000000000575210005000000000012079
08200001000000000000000242980000000000322310005000000000006769
08200001000000000000000242860000000000322310005000000000006769
08200001000000000000000242990000000000322310005000000000006769
08200001000000000000000242870000000000413220005000000000008678
08200001000000000000000243000000000000619830005000000000013017
08200001000000000000000242880000000001944550005000000000040835
08200001000000000000000242890000000000413220005000000000008678
08200001000000000000000242900000000001652890005000000000034711
08200001000000000000000242910000000000165290005000000000003471
08200001000000000000000242920000000000570250005000000000011975
08200001000000000000000242930000000000206610005000000000004339
08200001000000000000000242940000000001140500005000000000023950
08200001000000000000000243080000000000214880005000000000004512
08200001000000000000000243090000000000206610005000000000004339
08200001000000000000000243100000000001239670005000000000026033
08200001000000000000000243110000000000454550005000000000009545
08200001000000000000000243120000000000330580005000000000006942
08200001000000000000000243130000000000818180005000000000017182
08200001000000000000000243010000000000165290005000000000003471
08200001000000000000000243140000000001354550005000000000028445
08200001000000000000000243020000000002000000005000000000042000
08200001000000000000000243150000000000165290005000000000003471
08200001000000000000000243030000000000289260005000000000006074
08200001000000000000000243160000000000487600005000000000010240
08200001000000000000000243040000000000900830005000000000018917
08200001000000000000000243170000000000404960005000000000008504
08200001000000000000000243050000000000206610005000000000004339
08200001000000000000000243180000000000537190005000000000011281
08200001000000000000000243060000000000206610005000000000004339
08200001000000000000000243070000000000578510005000000000012149
08200001000000000000000243200000000000239670005000000000005033
08200001000000000000000243330000000000206610005000000000004339
08200001000000000000000243210000000000404960005000000000008504
08200001000000000000000243340000000000735540005000000000015446
08200001000000000000000243220000000000371900005000000000007810
08200001000000000000000243350000000000487600005000000000010240
08200001000000000000000243230000000000809090005000000000016991
08200001000000000000000243360000000000719010005000000000015099
11300001000000000000000001280000000000735540005000000000015446
08200001000000000000000243240000000000445450005000000000009355
08200001000000000000000243370000000000900000005000000000018900
08200001000000000000000243250000000000495870005000000000010413
08200001000000000000000243380000000000676860005000000000014214
08200001000000000000000243260000000000322310005000000000006769
08200001000000000000000243390000000000239670005000000000005033
08200001000000000000000243270000000000371900005000000000007810
08200001000000000000000243400000000000206610005000000000004339
08200001000000000000000243280000000000644630005000000000013537
08200001000000000000000243410000000000239670005000000000005033
08200001000000000000000243290000000000735540005000000000015446
08200001000000000000000243420000000001479340005000000000031066
08200001000000000000000243300000000000875210005000000000018379
08200001000000000000000243430000000000371900005000000000007810
08200001000000000000000243310000000000570250005000000000011975
08200001000000000000000243190000000000239670005000000000005033
08200001000000000000000243320000000001471070005000000000030893
08200001000000000000000243460000000000322310005000000000006769
08200001000000000000000243590000000001107440005000000000023256
08200001000000000000000243470000000000206610005000000000004339
08200001000000000000000243600000000000354550005000000000007445
08200001000000000000000243480000000000206610005000000000004339
08200001000000000000000243490000000001322310005000000000027769
08200001000000000000000243500000000000735540005000000000015446
08200001000000000000000243510000000000735540005000000000015446
08200001000000000000000243520000000001461980005000000000030702
08200001000000000000000243530000000000206610005000000000004339
08200001000000000000000243540000000000570250005000000000011975
08200001000000000000000243550000000000206610005000000000004339
08200001000000000000000243560000000000289260005000000000006074
08200001000000000000000243440000000000314050005000000000006595
08200001000000000000000243570000000000247110005000000000005189
08200001000000000000000243450000000000206610005000000000004339
08200001000000000000000243580000000000239670005000000000005033
08200001000000000000000243610000000000404960005000000000008504
08200001000000000000000243620000000000148760005000000000003124
08200001000000000000000243630000000000206610005000000000004339
08200001000000000000000243640000000000702480005000000000014752
08200001000000000000000243650000000000239670005000000000005033
08200001000000000000000243660000000000611570005000000000012843
08200001000000000000000243670000000001545450005000000000032455
08200001000000000000000243680000000000446280005000000000009372
