001000070000000000000000094380000000000305199221730000000000247010005000000000005187
001000070000000000000000150180000000000305199221730000000000222310005000000000004669
001000070000000000000000235580000000000305199221730000000000197610005000000000004150
001000070000000000000000260280000000000305199221730000000000247010005000000000005187
001000020000000000000002264580000000000306501870120000000000600000005000000000012600
001000070000000000000000158980000000000305199221730000000000222310005000000000004669
001000070000000000000000264880000000000305199221730000000000197610005000000000004150
001000020000000000000001493780000000000307120206240000000002123000005000000000044583
001000020000000000000002270080000000000306501870120000000000600000005000000000012600
001000090000000000000000012480000000000305199221730000000000197610005000000000004150
001000090000000000000000104780000000000305199221730000000000197610005000000000004150
001000090000000000000000161980000000000305199221730000000000197610005000000000004150
001000070000000000000000265680000000000305199221730000000000247010005000000000005187
001000090000000000000000106480000000000305199221730000000001919100005000000000040301
001000070000000000000000177480000000000305199221730000000000197610005000000000004150
001000090000000000000000111080000000000305199221730000000000197610005000000000004150
001000080000000000000000185980000000000305199221730000000000266780005000000000005602
001000080000000000000000051580000000000305199221730000000000834910005000000000017533
001000070000000000000000199480000000000305199221730000000000222310005000000000004669
001000090000000000000000073980000000000305199221730000000000355700005000000000007470
001000090000000000000000132080000000000305199221730000000000247010005000000000005187
001000070000000000000000202580000000000305199221730000000000197610005000000000004150
001000090000000000000000078880000000000305199221730000000000247010005000000000005187
001000070000000000000000214580000000000305199221730000000000622450005000000000013071
001000090000000000000000086880000000000305199221730000000000197610005000000000004150
001000090000000000000000144880000000000305199221730000000000222310005000000000004669
001000070000000000000000222380000000000305199221730000000000247010005000000000005187
001000090000000000000000093980000000000305199221730000000001422750005000000000029878
001000070000000000000000149980000000000305199221730000000000247010005000000000005187
001000070000000000000000223980000000000305199221730000000000197610005000000000004150
001000040000000000000007473080000000000307087623730000000001785120005000000000037488
001000070000000000000000094480000000000305199221730000000000370530005000000000007781
001000070000000000000000150280000000000305199221730000000000355700005000000000007470
001000070000000000000000239680000000000305199221730000000000197610005000000000004150
001000090000000000000000097680000000000305199221730000000000889220005000000000018674
001000070000000000000000155980000000000305199221730000000000889220005000000000018674
001000070000000000000000260380000000000305199221730000000000197610005000000000004150
001000020000000000000002265480000000000306501870120000000000500000005000000000010500
001000090000000000000000161380000000000305199221730000000000197610005000000000004150
001000070000000000000000264980000000000305199221730000000000197610005000000000004150
001000090000000000000000012580000000000305199221730000000000197610005000000000004150
001000090000000000000000105980000000000305199221730000000001111610005000000000023344
001000070000000000000000167680000000000305199221730000000000197610005000000000004150
001000070000000000000000265780000000000305199221730000000000296420005000000000006225
001000090000000000000000109180000000000305199221730000000000622450005000000000013071
001000070000000000000000177580000000000305199221730000000000222310005000000000004669
001000090000000000000000038880000000000305199221730000000000355700005000000000007470
001000080000000000000000188480000000000305199221730000000000197610005000000000004150
001000040000000000000000608480000000000307084483420000000200000000005000000004200000
001000020000000000000001840680000000000306507232750000000052520370005000000001102928
001000090000000000000000053380000000000305199221730000000000197610005000000000004150
001000090000000000000000126280000000000305199221730000000000444610005000000000009337
001000070000000000000000199580000000000305199221730000000000533530005000000000011204
001000090000000000000000075480000000000305199221730000000000370530005000000000007781
001000090000000000000000136180000000000305199221730000000000197610005000000000004150
001000040000000000000000203880000000000202217234150000000001800000005000000000037800
001000090000000000000000079880000000000305199221730000000001511670005000000000031745
001000070000000000000000219480000000000305199221730000000000978140005000000000020541
001000070000000000000000090180000000000305199221730000000000128450005000000000002697
001000090000000000000000144980000000000305199221730000000000266780005000000000005602
001000070000000000000000222480000000000305199221730000000000197610005000000000004150
001000070000000000000000094280000000000305199221730000000000197610005000000000004150
001000070000000000000000150080000000000305199221730000000000197610005000000000004150
001000070000000000000000235480000000000305199221730000000000518750005000000000010894
001000070000000000000000094580000000000305199221730000000000800300005000000000016806
001000090000000000000000154080000000000305199221730000000000197610005000000000004150
001000070000000000000000252480000000000305199221730000000000355700005000000000007470
001000020000000000000002258880000000000306501870120000000000600000005000000000012600
001000070000000000000000158880000000000305199221730000000000266780005000000000005602
001000070000000000000000264780000000000305199221730000000000247010005000000000005187
001000020000000000000002268680000000000306501870120000000000600000005000000000012600
001000090000000000000000103780000000000305199221730000000000197610005000000000004150
001000090000000000000000161880000000000305199221730000000000197610005000000000004150
001000070000000000000000265080000000000305199221730000000000197610005000000000004150
001000090000000000000000106180000000000305199221730000000000222310005000000000004669
001000070000000000000000177380000000000305199221730000000000266780005000000000005602
001000070000000000000000266980000000000305199221730000000000355700005000000000007470
001000090000000000000000035480000000000305199221730000000000247010005000000000005187
001000090000000000000000109280000000000305199221730000000000222310005000000000004669
001000070000000000000000183580000000000305199221730000000000533530005000000000011204
001005310000000000000000041980000000000305207396250000000000213440005000000000004483
001000090000000000000000118780000000000305199221730000000000197610005000000000004150
001000070000000000000000194980000000000305199221730000000000197520005000000000004148
001000040000000000000001993080000000000307073904720000000009407000005000000000197547
001000090000000000000000129880000000000305199221730000000000296420005000000000006225
001000070000000000000000202480000000000305199221730000000000355700005000000000007470
001000090000000000000000077280000000000305199221730000000000197610005000000000004150
001000070000000000000000209080000000000305199221730000000000197610005000000000004150
001000090000000000000000080680000000000305199221730000000000247010005000000000005187
001000090000000000000000142280000000000305199221730000000000266780005000000000005602
001000070000000000000000219580000000000305199221730000000000197610005000000000004150
001000090000000000000000093880000000000305199221730000000000296420005000000000006225
001000090000000000000000145080000000000305199221730000000000197610005000000000004150
001000070000000000000000223880000000000305199221730000000000296420005000000000006225
001083400000000000000194348580000000000306394537380000000004021530005000000000084453
001000040000000000000001994280000000000307073904720000000000254210005000000000005339
001000030000000000000000140980000000000337142909890000000002644630005000000000055537
001000720000000000000041719080000000000306578663300000000000450500005000000000004808
001083400000000000000197936280000000000306394537380000000005003140005000000000105066
001000040000000000000001994680000000000307073904720000000000621000005000000000013041
001000030000000000000000141180000000000337142909890000000002644630005000000000055537
001083400000000000000192804080000000000306394537380000000000834720005000000000017529
001000030000000000000000140880000000000337142909890000000002644630005000000000055537
001000020000000000000001334580000000000337084121690000000005230120005000000000109833
001000140000000000000665241180000000000306551162020000000012891970006000000000348083
001000020000000000000000017480000000000337111763790000000036180080005000000000759782
001044050000000000000296419280000000000306394537380000000000457520006000000000012353
001044050000000000000296427580000000000306394537380000000000013380006000000000000361
001044050000000000000296419380000000000306394537380000000000644760006000000000017409
001044050000000000000296511980000000000306394537380000000000342120006000000000009237
001091040000000000001993371380000000000306394537380000000000300280006000000000008108
001000080000000000000001289180000000000305199221730000000000128450005000000000002697
001000150000000000000006626580000000000307014869310000000001046610005000000000023359
001000020000000000000000059580000000000201653764210000000003000000005000000000063000
001044050000000000000296419580000000000306394537380000000000319040006000000000008614
001000040000000000000002000480000000000307073904720000000006167700005000000000129522
001091040000000000001995961380000000000306394537380000000000319700006000000000008632
001000080000000000000001135880000000000306444049580000000004996030005000000000104917
001037000000000000000003376380000000000306787744950000000000708260005000000000025725
001000140000000000000000611280000000000306847088360000000000830000004000000000008715
001000040000000000000002002380000000000307073904720000000000212310005000000000004459
001000140000000000000000611380000000000306847088360000000000830000004000000000008715
001000140000000000000000610980000000000306847088360000000000830000004000000000008715
001000140000000000000000622880000000000306847088360000000000830000004000000000008715
001037510000000000000004924980000000000306787744950000000001275320004000000000035713
001000080000000000000001299180000000000305199221730000000000128450005000000000002697
001072060000000000000000545580000000000305480831560000000002170130005000000000045573
001005250000000000000000121380000000000305207396250000000000869870005000000000004720
001000040000000000000002006180000000000307073904720000000002530960005000000000053150
001000040000000000000002005280000000000307073904720000000001661350005000000000034888
001000010000000000000000832580000000000307152534840000000004502800005000000000094559
001000040000000000000002005880000000000307073904720000000000106160005000000000002229
001000020000000000000000285580000000000307103181970000000056620000005000000001189020
001000080000000000000001348680000000000305199221730000000000192670005000000000004046
001000040000000000000003755080000000000307114815120000000004333060005000000000090994
001000040000000000000002007080000000000307073904720000000001566110005000000000032888
001040900000000000000003833680000000000306787744950000000002132200005000000000040016
001000060000000000000005455580000000000305955554490000000001711710005000000000035946
001000060000000000000003506980000000000336099966390000000018180000005000000000381780
001000020000000000000001339680000000000337084121690000000010617260005000000000222962
001000180000000000000014445580000000000307073967800000000007190550005000000000151002
001037000000000000000003395080000000000306787744950000000001509060005000000000027419
001000080000000000000001373880000000000305199221730000000000128450005000000000002697
001000080000000000000001393780000000000305199221730000000000128450005000000000002697
001000020000000000000000100480000000000307005825380000000016800000005000000000352800
001000080000000000000001385480000000000305199221730000000000128450005000000000002697
001000080000000000000001397080000000000305199221730000000003456030005000000000072577
001000030000000000000003050480000000000305798063420000000000338780005000000000007114
001000080000000000000001393680000000000305199221730000000000128450005000000000002697
001000020000000000000000099680000000000307005825380000000045192000005000000000949032
001030530000000000000011082480000000000306787744950000000001879450005000000000052638
001000150000000000000006666480000000000307014869310000000001298250005000000000028975
001000020000000000000279843480000000000305457881670000000011640360006000000000314289
001003280000000000000012272880000000000305799390080000000000694210005000000000014578
001000020000000000000282810780000000000305457881670000000000140440006000000000001660
001000020000000000000279841880000000000305457881670000000006130340006000000000165519
001000030000000000000000733580000000000307093284480000000127962840005000000002687220
001000020000000000000002273880000000000306501870120000000000600000005000000000012600
001000020000000000000002273980000000000306501870120000000000600000005000000000012600
001000030000000000000003058780000000000305798063420000000000146540005000000000003077
001000040000000000000002015580000000000307073904720000000000183360005000000000003850
001000060000000000000005466880000000000305955554490000000005113530005000000000107384
001000040000000000000002017480000000000307073904720000000005460110005000000000114662
001000030000000000000000393780000000000305191327410000000022927500005000000000481477
001000030000000000000000761580000000000306118754670000000030096000005000000000632016
001000040000000000000002017880000000000307073904720000000014331780005000000000300967
001000140000000000000092619480000000000305197391150000000001320000005000000000027720
001001200000000000000019020680000000000306394539750000000000279250005000000000006957
001000020000000000000002274480000000000306501870120000000000600000005000000000012600
001000070000000000000840873380000000000306394539750000000000740210005000000000148113
001000020000000000000000102480000000000307005825380000000047180000005000000000990780
001000020000000000000002274580000000000306501870120000000000500000005000000000010500
001000080000000000000001468280000000000305199221730000000000128450005000000000002697
001000020000000000000001347080000000000337084121690000000009481450005000000000199110
001000040000000000000002019580000000000307073904720000000001797590005000000000037749
001000030000000000000003067980000000000305798063420000000006212890005000000000130471
001091060000000000002005110580000000000306394537380000000001823170005000000000049046
001000080000000000000001495480000000000305199221730000000000128450005000000000002697
001035740000000000000007439680000000000306787744950000000000939880005000000000026319
001000080000000000000001498380000000000305199221730000000002312060005000000000048553
001000040000000000000002580380000000000336004278790000000020671070005000000000434092
001035740000000000000007460580000000000306787744950000000001275200005000000000035713
001000030000000000000000097380000000000307122978390000000004140000005000000000086940
001000010000000000000000154380000000000202306163890000000001240000005000000000026040
001000080000000000000001520980000000000305199221730000000000513790005000000000010790
001037510000000000000005002780000000000306787744950000000000715490005000000000013426
001000040000000000000002024380000000000307073904720000000001668480005000000000035038
001000020000000000000000019480000000000307097146820000000017000000005000000000357000
001000080000000000000001550580000000000305199221730000000000128450005000000000002697
001005300000000000000000112680000000000305207396250000000002004470005000000000036751
001000010000000000002155253680000000000307095141440000000003510270005000000000096074
001000020000000000000001350080000000000337084121690000000001456790005000000000030593
001072070000000000000000455580000000000305480831560000000001813660005000000000038087
001010290000000000000092720580000000000306632884970000000008557780005000000000206520
001000080000000000000001576480000000000305199221730000000000128450005000000000002697
001033170000000000000007332780000000000306787744950000000001643220005000000000029211
001000080000000000000001582480000000000305199221730000000002633180005000000000055297
001000030000000000000000016980000000000307159216490000000018960000005000000000398160
001000080000000000000001563280000000000305199221730000000000128450005000000000002697
001000080000000000000001583780000000000305199221730000000000128450005000000000002697
001000020000000000000000036880000000000200789726110000000078000000005000000001638000
001000040000000000000002030280000000000307073904720000000003517180005000000000073861
001000020000000000000282810880000000000305457881670000000008308300006000000000224323
001000040000000000000002033380000000000307073904720000000000134940005000000000002834
001000020000000000000000005480000000000209410601890000000102300000005000000002148300
001000080000000000000001635180000000000305199221730000000000128450005000000000002697
001035190000000000000004828380000000000306787744950000000000718550005000000000013056
001000040000000000000002033980000000000307073904720000000001076400005000000000022604
001000020000000000000000008680000000000306774511530000000192739000005000000004047519
001037510000000000000005023680000000000306787744950000000001717440005000000000032229
001000020000000000000000010780000000000307086679070000000300000000005000000006300000
001000120000000000000002765380000000000305154984070000000001162800005000000000024419
001000140000000000000093389380000000000305197391150000000001320000005000000000027720
001000110000000000000004859280000000000305154984070000000008299200005000000000174283
001033350000000000000009190380000000000306787744950000000000660110005000000000020126
