08200001000000000000000243820000000001347110005000000000028289
08200001000000000000000243700000000000206610005000000000004339
08200001000000000000000243710000000000239670005000000000005033
08200001000000000000000243720000000000322310005000000000006769
08200001000000000000000243730000000001057850005000000000022215
08200001000000000000000243740000000001799170005000000000037783
08200001000000000000000243750000000000206610005000000000004339
08200001000000000000000243760000000000157020005000000000003298
08200001000000000000000243770000000000330580005000000000006942
08200001000000000000000243780000000000165290005000000000003471
08200001000000000000000243790000000000619830005000000000013017
08200001000000000000000243800000000000206610005000000000004339
08200001000000000000000243810000000001115700005000000000023430
08200001000000000000000243690000000000909090005000000000019091
08200001000000000000000243830000000000206610005000000000004339
08200001000000000000000243840000000000165290005000000000003471
08200001000000000000000243850000000000371900005000000000007810
08200001000000000000000243860000000000570250005000000000011975
08200001000000000000000243870000000000818180005000000000017182
08200001000000000000000243880000000000107440005000000000002256
08200001000000000000000243890000000000413220005000000000008678
08200001000000000000000243900000000000239670005000000000005033
08200001000000000000000243910000000000652890005000000000013711
08200001000000000000000243920000000000165290005000000000003471
08200001000000000000000243930000000000371900005000000000007810
08200001000000000000000243940000000000545450005000000000011455
08200001000000000000000243950000000000239670005000000000005033
08200001000000000000000244080000000002338840005000000000049116
08200001000000000000000243960000000001636360005000000000034364
08200001000000000000000244090000000000371900005000000000007810
08200001000000000000000243970000000000413220005000000000008678
08200001000000000000000244100000000000413220005000000000008678
08200001000000000000000243980000000000206610005000000000004339
08200001000000000000000244110000000000487600005000000000010240
08200001000000000000000243990000000000495870005000000000010413
08200001000000000000000244120000000000445450005000000000009355
08200001000000000000000244000000000000528930005000000000011107
08200001000000000000000244130000000000413220005000000000008678
08200001000000000000000244010000000000140500005000000000002950
08200001000000000000000244140000000000942150005000000000019785
08200001000000000000000244020000000000590000005000000000012390
08200001000000000000000244030000000000619830005000000000013017
08200001000000000000000244040000000000247930005000000000005207
08200001000000000000000244050000000001305790005000000000027421
08200001000000000000000244060000000000206610005000000000004339
08200001000000000000000244070000000000890910005000000000018709
08200001000000000000000244210000000000942150005000000000019785
08200001000000000000000244340000000000487600005000000000010240
08200001000000000000000244220000000000454550005000000000009545
08200001000000000000000244350000000000413220005000000000008678
08200001000000000000000244230000000000289260005000000000006074
08200001000000000000000244360000000000454550005000000000009545
08200001000000000000000244240000000002041320005000000000042868
08200001000000000000000244370000000000495870005000000000010413
08200001000000000000000244250000000000644630005000000000013537
08200001000000000000000244380000000000157020005000000000003298
08200001000000000000000244260000000000942150005000000000019785
08200001000000000000000244270000000000413220005000000000008678
08200001000000000000000244150000000000206610005000000000004339
08200001000000000000000244280000000000826450005000000000017355
08200001000000000000000244160000000000470250005000000000009875
08200001000000000000000244290000000000677690005000000000014231
08200001000000000000000244170000000000776860005000000000016314
08200001000000000000000244300000000000206610005000000000004339
08200001000000000000000244180000000000206610005000000000004339
08200001000000000000000244310000000000578510005000000000012149
08200001000000000000000244190000000003963640005000000000083236
08200001000000000000000244320000000000537190005000000000011281
08200001000000000000000244200000000001809090005000000000037991
08200001000000000000000244330000000001644630005000000000034537
08200001000000000000000244460000000002413220005000000000050678
08200001000000000000000244470000000000239670005000000000005033
08200001000000000000000244480000000000727270005000000000015273
08200001000000000000000244490000000000735540005000000000015446
08200001000000000000000244500000000000272730005000000000005727
08200001000000000000000244510000000000404960005000000000008504
08200001000000000000000244390000000000528930005000000000011107
08200001000000000000000244520000000000363640005000000000007636
08200001000000000000000244400000000001561980005000000000032802
08200001000000000000000244530000000001900830005000000000039917
08200001000000000000000244410000000000809920005000000000017008
08200001000000000000000244420000000000892560005000000000018744
08200001000000000000000244430000000000322310005000000000006769
08200001000000000000000244440000000001223140005000000000025686
08200001000000000000000244450000000000487600005000000000010240
08200001000000000000000244590000000000859500005000000000018050
08200001000000000000000244720000000000652890005000000000013711
08200001000000000000000244600000000000354550005000000000007445
08200001000000000000000244730000000000884300005000000000018570
08200001000000000000000244610000000000900830005000000000018917
08200001000000000000000244740000000000289260005000000000006074
08200001000000000000000244620000000000239670005000000000005033
08200001000000000000000244630000000001090910005000000000022909
08200001000000000000000244640000000000371900005000000000007810
08200001000000000000000244650000000000694210005000000000014579
08200001000000000000000244660000000000644630005000000000013537
08200001000000000000000244540000000000028930005000000000000607
08200001000000000000000244670000000000454550005000000000009545
08200001000000000000000244550000000000404960005000000000008504
08200001000000000000000244680000000000322310005000000000006769
08200001000000000000000244560000000000454550005000000000009545
08200001000000000000000244690000000000528930005000000000011107
08200001000000000000000244570000000000487600005000000000010240
08200001000000000000000244700000000000487600005000000000010240
08200001000000000000000244580000000000404960005000000000008504
08200001000000000000000244710000000000536360005000000000011264
08200001000000000000000244750000000000537190005000000000011281
08200001000000000000000244760000000001347110005000000000028289
08200001000000000000000244770000000000289260005000000000006074
08200001000000000000000244780000000000487600005000000000010240
08200001000000000000000244850000000001238840005000000000026016
08200001000000000000000244860000000001644630005000000000034537
08200001000000000000000244870000000001627270005000000000034173
08200001000000000000000244880000000002537190005000000000053281
08200001000000000000000244890000000000487600005000000000010240
08200001000000000000000244900000000001057850005000000000022215
08200001000000000000000244910000000000322310005000000000006769
08200001000000000000000244790000000000487600005000000000010240
08200001000000000000000244800000000000454550005000000000009545
08200001000000000000000244810000000001231400005000000000025860
08200001000000000000000244820000000001479340005000000000031066
08200001000000000000000244830000000001876030005000000000039397
08200001000000000000000244840000000000859500005000000000018050
08200001000000000000000244980000000000727270005000000000015273
08200001000000000000000244990000000000404960005000000000008504
08200001000000000000000245000000000000454550005000000000009545
08200001000000000000000244920000000000536360005000000000011264
08200001000000000000000244930000000000413220005000000000008678
08200001000000000000000244940000000000206610005000000000004339
08200001000000000000000244950000000000627270005000000000013173
08200001000000000000000244960000000000330580005000000000006942
08200001000000000000000244970000000001578510005000000000033149
08200001000000000000000245100000000000619830005000000000013017
08200001000000000000000245110000000000322310005000000000006769
08200001000000000000000245120000000000909090005000000000019091
08200001000000000000000245130000000000289260005000000000006074
08200001000000000000000245010000000000433880005000000000009112
08200001000000000000000245140000000000487600005000000000010240
08200001000000000000000245020000000000330580005000000000006942
08200001000000000000000245150000000001966940005000000000041306
08200001000000000000000245030000000000627270005000000000013173
08200001000000000000000245160000000000818180005000000000017182
08200001000000000000000245040000000000536360005000000000011264
08200001000000000000000245170000000000404960005000000000008504
08200001000000000000000245050000000000661160005000000000013884
08200001000000000000000245180000000000239670005000000000005033
08200001000000000000000245060000000000330580005000000000006942
08200001000000000000000245070000000000206610005000000000004339
08200001000000000000000245080000000000652890005000000000013711
08200001000000000000000245090000000000082640005000000000001736
08200001000000000000000245230000000003188430005000000000066957
08200001000000000000000245240000000001231400005000000000025860
08200001000000000000000245250000000000735540005000000000015446
08200001000000000000000245260000000000322310005000000000006769
08200001000000000000000245270000000000611570005000000000012843
08200001000000000000000245280000000000487600005000000000010240
08200001000000000000000245290000000000900000005000000000018900
08200001000000000000000245300000000000900000005000000000018900
08200001000000000000000245190000000001063640005000000000022336
08200001000000000000000245200000000000735540005000000000015446
08200001000000000000000245210000000001254550005000000000026345
08200001000000000000000245220000000000818180005000000000017182
08200001000000000000000245360000000000652890005000000000013711
08200001000000000000000245370000000000095040005000000000001996
08200001000000000000000245380000000001172730005000000000024627
08200001000000000000000245310000000000206610005000000000004339
08200001000000000000000245320000000000239670005000000000005033
08200001000000000000000245330000000001057850005000000000022215
08200001000000000000000245340000000000590910005000000000012409
08200001000000000000000245350000000000892560005000000000018744
08200001000000000000000245490000000000322310005000000000006769
08200001000000000000000245500000000000115700005000000000002430
08200001000000000000000245510000000000206610005000000000004339
08200001000000000000000245390000000001855370005000000000038963
08200001000000000000000245520000000000239670005000000000005033
08200001000000000000000245400000000000487600005000000000010240
08200001000000000000000245530000000000148760005000000000003124
08200001000000000000000245410000000001644630005000000000034537
08200001000000000000000245540000000000206610005000000000004339
08200001000000000000000245420000000000404960005000000000008504
08200001000000000000000245430000000001396690005000000000029331
08200001000000000000000245440000000000818180005000000000017182
08200001000000000000000245450000000000206610005000000000004339
08200001000000000000000245460000000001471070005000000000030893
08200001000000000000000245470000000000568600005000000000011940
11300001000000000000000001290000000000322310005000000000006769
08200001000000000000000245480000000000413220005000000000008678
08200001000000000000000245740000000000809920005000000000017008
08200001000000000000000245620000000000652890005000000000013711
08200001000000000000000245630000000000227270005000000000004773
08200001000000000000000245640000000000785120005000000000016488
08200001000000000000000245650000000001305790005000000000027421
08200001000000000000000245660000000000627270005000000000013173
08200001000000000000000245670000000000487600005000000000010240
08200001000000000000000245550000000000644630005000000000013537
08200001000000000000000245680000000000264460005000000000005554
08200001000000000000000245560000000000413220005000000000008678
08200001000000000000000245690000000000975210005000000000020479
08200001000000000000000245570000000000289260005000000000006074
08200001000000000000000245700000000000735540005000000000015446
08200001000000000000000245580000000002396690005000000000050331
08200001000000000000000245710000000001024790005000000000021521
08200001000000000000000245590000000000074380005000000000001562
08200001000000000000000245720000000000942150005000000000019785
08200001000000000000000245600000000000627270005000000000013173
08200001000000000000000245730000000000148760005000000000003124
08200001000000000000000245610000000000206610005000000000004339
08200001000000000000000245750000000000487600005000000000010240
08200001000000000000000245760000000000289260005000000000006074
08200001000000000000000245770000000002214880005000000000046512
08200001000000000000000245870000000000818180005000000000017182
08200001000000000000000245880000000001305790005000000000027421
08200001000000000000000245890000000001066120005000000000022388
08200001000000000000000245780000000000322310005000000000006769
08200001000000000000000245790000000000619830005000000000013017
08200001000000000000000245800000000001991740005000000000041826
08200001000000000000000245810000000000487600005000000000010240
08200001000000000000000245820000000000735540005000000000015446
08200001000000000000000245830000000000421490005000000000008851
08200001000000000000000245840000000000741320005000000000015568
08200001000000000000000245850000000001140500005000000000023950
08200001000000000000000245860000000000264460005000000000005554
08200001000000000000000246000000000000809090005000000000016991
08200001000000000000000245900000000000619830005000000000013017
08200001000000000000000245910000000000322310005000000000006769
08200001000000000000000245920000000000627270005000000000013173
08200001000000000000000245930000000001477690005000000000031031
08200001000000000000000245940000000000239670005000000000005033
08200001000000000000000245950000000000818180005000000000017182
08200001000000000000000245960000000000537190005000000000011281
08200001000000000000000245970000000000859500005000000000018050
08200001000000000000000245980000000000652890005000000000013711
08200001000000000000000245990000000000570250005000000000011975
08200001000000000000000246130000000000487600005000000000010240
08200001000000000000000246010000000000537190005000000000011281
08200001000000000000000246140000000000206610005000000000004339
08200001000000000000000246020000000000487600005000000000010240
08200001000000000000000246150000000001636360005000000000034364
08200001000000000000000246030000000000239670005000000000005033
08200001000000000000000246160000000000487600005000000000010240
08200001000000000000000246040000000000780910005000000000016399
08200001000000000000000246170000000000570250005000000000011975
08200001000000000000000246050000000000322310005000000000006769
08200001000000000000000246180000000001231400005000000000025860
08200001000000000000000246060000000000289260005000000000006074
08200001000000000000000246190000000002264460005000000000047554
08200001000000000000000246070000000000652890005000000000013711
08200001000000000000000246200000000000652890005000000000013711
08200001000000000000000246080000000000826450005000000000017355
08200001000000000000000246090000000000826450005000000000017355
08200001000000000000000246100000000001390910005000000000029209
08200001000000000000000246110000000000570250005000000000011975
08200001000000000000000246120000000001719010005000000000036099
08200001000000000000000246260000000000859500005000000000018050
08200001000000000000000246270000000000479340005000000000010066
08200001000000000000000246280000000001677690005000000000035231
08200001000000000000000246290000000000487600005000000000010240
08200001000000000000000246300000000001057850005000000000022215
08200001000000000000000246310000000000322310005000000000006769
08200001000000000000000246320000000000099170005000000000002083
08200001000000000000000246330000000001305790005000000000027421
08200001000000000000000246210000000000239670005000000000005033
08200001000000000000000246340000000000487600005000000000010240
08200001000000000000000246220000000000289260005000000000006074
08200001000000000000000246350000000001644630005000000000034537
08200001000000000000000246230000000000743800005000000000015620
08200001000000000000000246360000000003123970005000000000065603
08200001000000000000000246240000000000322310005000000000006769
08200001000000000000000246370000000000570250005000000000011975
08200001000000000000000246250000000000718180005000000000015082
08200001000000000000000246380000000000487600005000000000010240
08200001000000000000000246390000000003239670005000000000068033
08200001000000000000000246400000000000206610005000000000004339
08200001000000000000000246410000000000487600005000000000010240
08200001000000000000000246420000000000536360005000000000011264
08200001000000000000000246430000000000727270005000000000015273
08200001000000000000000246440000000000446280005000000000009372
08200001000000000000000246450000000000454550005000000000009545
08200001000000000000000246460000000000008260005000000000000174
08200001000000000000000246470000000001140500005000000000023950
08200001000000000000000246480000000000479340005000000000010066
08200001000000000000000246510000000000454550005000000000009545
08200001000000000000000246640000000000570250005000000000011975
08200001000000000000000246520000000000975210005000000000020479
08200001000000000000000246650000000001049590005000000000022041
08200001000000000000000246530000000000263640005000000000005536
08200001000000000000000246660000000000537190005000000000011281
08200001000000000000000246540000000000454550005000000000009545
08200001000000000000000246670000000000652890005000000000013711
08200001000000000000000246550000000002527270005000000000053073
08200001000000000000000246680000000000487600005000000000010240
08200001000000000000000246560000000000487600005000000000010240
08200001000000000000000246690000000000694210005000000000014579
08200001000000000000000246570000000001471070005000000000030893
08200001000000000000000246700000000000966940005000000000020306
08200001000000000000000246580000000001809090005000000000037991
08200001000000000000000246590000000000818180005000000000017182
08200001000000000000000246600000000001627270005000000000034173
08200001000000000000000246610000000002462810005000000000051719
08200001000000000000000246490000000000264460005000000000005554
08200001000000000000000246620000000001627270005000000000034173
08200001000000000000000246500000000000644630005000000000013537
08200001000000000000000246630000000001106610005000000000023239
08200001000000000000000246770000000004909090005000000000103091
08200001000000000000000246780000000001518180005000000000031882
08200001000000000000000246790000000000239670005000000000005033
08200001000000000000000246800000000001396690005000000000029331
08200001000000000000000246710000000000652890005000000000013711
08200001000000000000000246720000000002214880005000000000046512
08200001000000000000000246730000000000322310005000000000006769
08100001000000000000000001150000000000875210005000000000018379
08200001000000000000000246740000000000809090005000000000016991
08200001000000000000000246750000000000404960005000000000008504
08200001000000000000000246760000000000487600005000000000010240
08200001000000000000000246900000000000982640005000000000020636
08200001000000000000000246910000000000354550005000000000007445
08200001000000000000000246920000000000239670005000000000005033
08200001000000000000000246930000000000487600005000000000010240
08200001000000000000000246810000000000371900005000000000007810
08200001000000000000000246820000000000570250005000000000011975
08200001000000000000000246830000000000487600005000000000010240
08200001000000000000000246840000000000487600005000000000010240
08200001000000000000000246850000000002289260005000000000048074
08200001000000000000000246860000000000322310005000000000006769
08200001000000000000000246870000000000644630005000000000013537
08200001000000000000000246880000000002209090005000000000046391
08200001000000000000000246890000000001354550005000000000028445
08200001000000000000000247020000000000735540005000000000015446
08200001000000000000000247030000000000322310005000000000006769
08200001000000000000000247040000000002936360005000000000061664
08200001000000000000000247050000000003599090005000000000075581
08200001000000000000000247060000000001809090005000000000037991
08200001000000000000000246940000000000776860005000000000016314
08200001000000000000000247070000000001272730005000000000026727
08200001000000000000000246950000000000627270005000000000013173
08200001000000000000000246960000000000537190005000000000011281
08200001000000000000000246970000000000487600005000000000010240
08200001000000000000000246980000000000413220005000000000008678
08200001000000000000000246990000000000685950005000000000014405
08100001000000000000000001160000000001462810005000000000030719
08200001000000000000000247000000000000975210005000000000020479
08200001000000000000000247010000000000890000005000000000018690
