08200036000000000000000109310000000001818180005000000000038182
08200031000000000000000914060000000000991740005000000000020826
08200030000000000000001054700000000002163640005000000000045436
08200031000000000000000914190000000001033060005000000000021694
08200033000000000000000144650000000000380990005000000000008001
08200036000000000000000109320000000002876030005000000000060397
08200031000000000000000914070000000000413220005000000000008678
08200030000000000000001054710000000002793390005000000000058661
08200031000000000000000914200000000000735540005000000000015446
08200033000000000000000144660000000001503310005000000000031569
08200030000000000000001054590000000002470250005000000000051875
08200036000000000000000109330000000000570250005000000000011975
08200031000000000000000914080000000000227270005000000000004773
08200030000000000000001054720000000003540500005000000000074350
08200031000000000000000914210000000000983470005000000000020653
08200033000000000000000144670000000000446280005000000000009372
08200030000000000000001054600000000002057850005000000000043215
08200036000000000000000109340000000000735540005000000000015446
08200031000000000000000914090000000002041320005000000000042868
08200031000000000000000914220000000000454550005000000000009545
08200036000000000000000109220000000000297520005000000000006248
08200031000000000000000913970000000000800000005000000000016800
08200030000000000000001054610000000002345450005000000000049255
08200036000000000000000109350000000000909090005000000000019091
08200031000000000000000914100000000000454550005000000000009545
08200031000000000000000914230000000000818180005000000000017182
08200036000000000000000109230000000000570250005000000000011975
08200031000000000000000913980000000000454550005000000000009545
08200030000000000000001054620000000000652890005000000000013711
08200036000000000000000109360000000004987600005000000000104740
08200031000000000000000914110000000000322310005000000000006769
08200031000000000000000914240000000000900830005000000000018917
08200036000000000000000109240000000000578510005000000000012149
08200031000000000000000913990000000000818180005000000000017182
08200030000000000000001054630000000002181820005000000000045818
08200036000000000000000109370000000000900830005000000000018917
08200031000000000000000914120000000001396690005000000000029331
08200031000000000000000914250000000000983470005000000000020653
08200036000000000000000109250000000000983470005000000000020653
08200031000000000000000914000000000000413220005000000000008678
08200030000000000000001054640000000000776860005000000000016314
08200031000000000000000914130000000001024790005000000000021521
08100032000000000000000063180000000050205700005000000001054320
08200031000000000000000914260000000000322310005000000000006769
08200036000000000000000109260000000000694210005000000000014579
08200031000000000000000914010000000000652890005000000000013711
08200030000000000000001054650000000001148760005000000000024124
08200031000000000000000914140000000000735540005000000000015446
08100032000000000000000063190000000018721000005000000000393141
08200031000000000000000914270000000000487600005000000000010240
08200036000000000000000109270000000001471070005000000000030893
08200031000000000000000914020000000000537190005000000000011281
08200030000000000000001054660000000000495870005000000000010413
08200031000000000000000914150000000000404960005000000000008504
08200031000000000000000914280000000001801650005000000000037835
08200036000000000000000109280000000001194210005000000000025079
08200031000000000000000914030000000001388430005000000000029157
08200030000000000000001054670000000000950410005000000000019959
08200031000000000000000914160000000000322310005000000000006769
08200031000000000000000914290000000000950410005000000000019959
08200036000000000000000109290000000000950410005000000000019959
08200031000000000000000914040000000000735540005000000000015446
08200030000000000000001054680000000000652890005000000000013711
08200031000000000000000914170000000000487600005000000000010240
08200036000000000000000109300000000000206610005000000000004339
08200031000000000000000914050000000000735540005000000000015446
08200030000000000000001054690000000001801650005000000000037835
08200031000000000000000914180000000000789260005000000000016574
08200031000000000000000914570000000000239670005000000000005033
08200031000000000000000914700000000001890910005000000000039709
08200036000000000000000109440000000000206610005000000000004339
08200030000000000000001054830000000000818180005000000000017182
08200036000000000000000109570000000001190080005000000000024992
08200031000000000000000914320000000001107440005000000000023256
08200031000000000000000914450000000001000000005000000000021000
08200031000000000000000914580000000005318180005000000000111682
08200031000000000000000914710000000003104130005000000000065187
08200036000000000000000109450000000001338840005000000000028116
08200030000000000000001054840000000001024790005000000000021521
08200036000000000000000109580000000000735540005000000000015446
08200031000000000000000914330000000000983470005000000000020653
08200031000000000000000914460000000000322310005000000000006769
08200031000000000000000914590000000000909090005000000000019091
08200031000000000000000914720000000000404960005000000000008504
08200036000000000000000109460000000000652890005000000000013711
08200030000000000000001054850000000003524790005000000000074021
08200036000000000000000109590000000001290000005000000000027090
08200031000000000000000914340000000001388430005000000000029157
08200031000000000000000914470000000000487600005000000000010240
08200031000000000000000914600000000000983470005000000000020653
08200030000000000000001054730000000001884300005000000000039570
08200031000000000000000914730000000001081820005000000000022718
08200036000000000000000109470000000000900830005000000000018917
08200030000000000000001054860000000000735540005000000000015446
08200031000000000000000914350000000002545450005000000000053455
08200031000000000000000914480000000000404960005000000000008504
08200033000000000000000144680000000000297520005000000000006248
08200031000000000000000914610000000001148760005000000000024124
08200030000000000000001054740000000002462810005000000000051719
08200031000000000000000914740000000000322310005000000000006769
08200036000000000000000109480000000001148760005000000000024124
08200030000000000000001054870000000000570250005000000000011975
08200031000000000000000914360000000002115700005000000000044430
08200031000000000000000914490000000001036360005000000000021764
08200033000000000000000144690000000002421490005000000000050851
08200031000000000000000914620000000000355370005000000000007463
08200030000000000000001054750000000000495870005000000000010413
08200031000000000000000914750000000000983470005000000000020653
08200036000000000000000109490000000001024790005000000000021521
08200030000000000000001054880000000000735540005000000000015446
08200031000000000000000914370000000000354550005000000000007445
08200031000000000000000914500000000002388430005000000000050157
08200033000000000000000144700000000002202480005000000000046252
08200031000000000000000914630000000002427270005000000000050973
08200030000000000000001054760000000002527270005000000000053073
08200031000000000000000914760000000004363640005000000000091636
08200036000000000000000109500000000000537190005000000000011281
08200030000000000000001054890000000001603310005000000000033669
08200031000000000000000914380000000001834710005000000000038529
08200031000000000000000914510000000000413220005000000000008678
08200033000000000000000144710000000000735540005000000000015446
08200031000000000000000914640000000001057850005000000000022215
08200036000000000000000109380000000003128100005000000000065690
08200030000000000000001054770000000001388430005000000000029157
08200031000000000000000914770000000001719010005000000000036099
08200036000000000000000109510000000000371900005000000000007810
08200031000000000000000914390000000001066120005000000000022388
08200031000000000000000914520000000004512400005000000000094760
08200033000000000000000144720000000000652890005000000000013711
08200031000000000000000914650000000000487600005000000000010240
08200036000000000000000109390000000001148760005000000000024124
08200030000000000000001054780000000002670000005000000000056070
08200031000000000000000914780000000000925620005000000000019438
08200036000000000000000109520000000002233470005000000000046903
08200031000000000000000914400000000002710740005000000000056926
08200031000000000000000914530000000000537190005000000000011281
08200033000000000000000144730000000000297520005000000000006248
08200031000000000000000914660000000001190080005000000000024992
08200036000000000000000109400000000000735540005000000000015446
08200030000000000000001054790000000001066120005000000000022388
08200031000000000000000914790000000001805790005000000000037921
08200036000000000000000109530000000000468600005000000000009840
08200031000000000000000914410000000000413220005000000000008678
08200031000000000000000914540000000000619830005000000000013017
08200033000000000000000144740000000000536360005000000000011264
08200031000000000000000914670000000000404960005000000000008504
08200036000000000000000109410000000000165290005000000000003471
08200030000000000000001054800000000001347110005000000000028289
08200031000000000000000914800000000001148760005000000000024124
08200036000000000000000109540000000000371900005000000000007810
08200031000000000000000914420000000002099170005000000000044083
08200031000000000000000914550000000000206610005000000000004339
08200033000000000000000144750000000000694210005000000000014579
08200031000000000000000914680000000000735540005000000000015446
08200036000000000000000109420000000000950410005000000000019959
08200030000000000000001054810000000001884300005000000000039570
08200031000000000000000914810000000003816360005000000000080144
08200036000000000000000109550000000001685950005000000000035405
08200031000000000000000914300000000000627270005000000000013173
08200031000000000000000914430000000000735540005000000000015446
08200031000000000000000914560000000000818180005000000000017182
08200031000000000000000914690000000000983470005000000000020653
08200036000000000000000109430000000000590910005000000000012409
08200030000000000000001054820000000001719010005000000000036099
08200031000000000000000914820000000000702480005000000000014752
08200036000000000000000109560000000001561980005000000000032802
08200031000000000000000914310000000000413220005000000000008678
08200031000000000000000914440000000003520660005000000000073934
08200030000000000000001055040000000000735540005000000000015446
08200031000000000000000914830000000000611570005000000000012843
08200030000000000000001054960000000002264460005000000000047554
08200031000000000000000914960000000002328180005000000000048892
08200030000000000000001055050000000001140500005000000000023950
08200031000000000000000914840000000000413220005000000000008678
08200030000000000000001054970000000001148760005000000000024124
08200031000000000000000914850000000000684300005000000000014370
08200031000000000000000914860000000002598350005000000000054565
08200036000000000000000109600000000001676030005000000000035197
08200031000000000000000914870000000001148760005000000000024124
08200036000000000000000109610000000000206610005000000000004339
08200031000000000000000914880000000004039670005000000000084833
08200036000000000000000109620000000000446280005000000000009372
08200031000000000000000914890000000001223140005000000000025686
08200036000000000000000109630000000001081820005000000000022718
08200030000000000000001054980000000001297520005000000000027248
08200030000000000000001054900000000001725620005000000000036238
08200031000000000000000914900000000003639670005000000000076433
08200036000000000000000109640000000001066120005000000000022388
08200030000000000000001054990000000001941820005000000000040778
08200030000000000000001054910000000000487600005000000000010240
08200031000000000000000914910000000000487600005000000000010240
08200036000000000000000109650000000001148760005000000000024124
08200030000000000000001055000000000001347770005000000000028303
08100032000000000000000063200000000042484000005000000000892164
08200030000000000000001054920000000000289260005000000000006074
08200031000000000000000914920000000000983470005000000000020653
08200036000000000000000109660000000000747930005000000000015707
11300030000000000000000002250000000000773550005000000000016245
08200030000000000000001055010000000001966940005000000000041306
08100032000000000000000063210000000018638000005000000000391398
08200030000000000000001054930000000002900000005000000000060900
08200031000000000000000914930000000003198350005000000000067165
08200036000000000000000109670000000000413220005000000000008678
08200030000000000000001055020000000000773550005000000000016245
08100032000000000000000063220000000018000000005000000000378000
08200030000000000000001054940000000000983470005000000000020653
08200031000000000000000914940000000000243800005000000000005120
08200030000000000000001055030000000000644630005000000000013537
08100032000000000000000063230000000024677000005000000000518217
08200030000000000000001054950000000000570250005000000000011975
08200031000000000000000914950000000000983470005000000000020653
08200033000000000000000144770000000000925620005000000000019438
08100032000000000000000063240000000010208280005000000000214374
08200030000000000000001055170000000000793390005000000000016661
08200036000000000000000109700000000000718180005000000000015082
08200031000000000000000915090000000003345450005000000000070255
08200033000000000000000144780000000000735540005000000000015446
08100032000000000000000063250000000037558000005000000000788718
08200030000000000000001055180000000000942150005000000000019785
08200031000000000000000914970000000000619830005000000000013017
08200036000000000000000109710000000000495870005000000000010413
08200031000000000000000915100000000001057850005000000000022215
08200030000000000000001055060000000000570250005000000000011975
08100032000000000000000063260000000028110000005000000000590310
08200030000000000000001055190000000004748180005000000000099712
08200031000000000000000914980000000000570250005000000000011975
08200036000000000000000109720000000000681820005000000000014318
08200031000000000000000915110000000000297520005000000000006248
08200030000000000000001055070000000000289260005000000000006074
08200031000000000000000914990000000001148760005000000000024124
08200036000000000000000109730000000000355370005000000000007463
08200031000000000000000915120000000002921490005000000000061351
08200030000000000000001055080000000001890000005000000000039690
08200031000000000000000915000000000000718180005000000000015082
08200036000000000000000109740000000000809090005000000000016991
08200031000000000000000915130000000000652890005000000000013711
08200030000000000000001055090000000001066120005000000000022388
08200031000000000000000915010000000000586780005000000000012322
08200036000000000000000109750000000000570250005000000000011975
08200030000000000000001055100000000002933880005000000000061612
08200031000000000000000915020000000000041320005000000000000868
08200036000000000000000109760000000000975210005000000000020479
08200030000000000000001055110000000000950410005000000000019959
08200031000000000000000915030000000000818180005000000000017182
08200036000000000000000109770000000000371900005000000000007810
08200032000000000000000008130000000009661000005000000000202881
08200030000000000000001055120000000002966940005000000000062306
08200031000000000000000915040000000000735540005000000000015446
08200036000000000000000109780000000001036360005000000000021764
08200030000000000000001055130000000001890910005000000000039709
08200031000000000000000915050000000001066120005000000000022388
08200036000000000000000109790000000000454550005000000000009545
08200030000000000000001055140000000001909090005000000000040091
08200031000000000000000915060000000000735540005000000000015446
08200030000000000000001055150000000000983470005000000000020653
08200036000000000000000109680000000000735540005000000000015446
08200031000000000000000915070000000002668600005000000000056040
08200033000000000000000144760000000001851240005000000000038876
08200030000000000000001055160000000001644630005000000000034537
08200036000000000000000109690000000001685950005000000000035405
08200031000000000000000915080000000000735540005000000000015446
08200036000000000000000109820000000000735540005000000000015446
08200031000000000000000915210000000003115700005000000000065430
08200031000000000000000915340000000002223140005000000000046686
08200030000000000000001055300000000001917360005000000000040264
08200036000000000000000109830000000000652890005000000000013711
08200031000000000000000915220000000000354550005000000000007445
08100030000000000000000014080000000003000000005000000000063000
08200031000000000000000915350000000004438020005000000000093198
08200030000000000000001055310000000002214880005000000000046512
08200036000000000000000109840000000000053720005000000000001128
08200031000000000000000915230000000001719010005000000000036099
08200033000000000000000144790000000006231400005000000000130860
08200031000000000000000915360000000000297520005000000000006248
08200030000000000000001055320000000000322310005000000000006769
08200036000000000000000109850000000001520660005000000000031934
08200031000000000000000915240000000001636360005000000000034364
08200033000000000000000144800000000000735540005000000000015446
08200031000000000000000915370000000002380170005000000000049983
08200030000000000000001055200000000000983470005000000000020653
08200030000000000000001055330000000000413220005000000000008678
08200036000000000000000109860000000000854550005000000000017945
08200031000000000000000915250000000001396690005000000000029331
08200031000000000000000915380000000000735540005000000000015446
08200030000000000000001055210000000000983470005000000000020653
08200030000000000000001055340000000000983470005000000000020653
08200036000000000000000109870000000000735540005000000000015446
08200031000000000000000915260000000000681820005000000000014318
08200031000000000000000915390000000000735540005000000000015446
08200030000000000000001055220000000000735540005000000000015446
08200030000000000000001055350000000001709090005000000000035891
08200031000000000000000915140000000000243800005000000000005120
08200036000000000000000109880000000000454550005000000000009545
08200031000000000000000915270000000002263640005000000000047536
08200031000000000000000915400000000001272730005000000000026727
08200030000000000000001055230000000000892560005000000000018744
08200030000000000000001055360000000001527270005000000000032073
08200031000000000000000915150000000002301650005000000000048335
08200036000000000000000109890000000000735540005000000000015446
08200031000000000000000915280000000001714880005000000000036012
08200030000000000000001055240000000000578510005000000000012149
08200030000000000000001055370000000004974380005000000000104462
08200031000000000000000915160000000000809090005000000000016991
08200036000000000000000109900000000000652890005000000000013711
08200031000000000000000915290000000003603310005000000000075669
08200030000000000000001055250000000001305790005000000000027421
08200031000000000000000915170000000000404960005000000000008504
08200036000000000000000109910000000001231400005000000000025860
08200032000000000000000008140000000012797200005000000000268741
08200031000000000000000915300000000000818180005000000000017182
08200030000000000000001055260000000001471070005000000000030893
08200031000000000000000915180000000000983470005000000000020653
08200031000000000000000915310000000000950410005000000000019959
08200030000000000000001055270000000001826450005000000000038355
08200036000000000000000109800000000000206610005000000000004339
08200031000000000000000915190000000002710740005000000000056926
08200031000000000000000915320000000000289260005000000000006074
08200030000000000000001055280000000000652890005000000000013711
08200036000000000000000109810000000001490910005000000000031309
08200031000000000000000915200000000001859500005000000000039050
08200031000000000000000915330000000002421490005000000000050851
08200030000000000000001055290000000001239670005000000000026033
08200031000000000000000915850000000001847110005000000000038789
08200030000000000000001055420000000002306270005000000000048432
08200036000000000000000109950000000001305790005000000000027421
08200036000000000000000110080000000001698350005000000000035665
08200031000000000000000915470000000003698350005000000000077665
08200031000000000000000915600000000001921490005000000000040351
08200031000000000000000915730000000000652890005000000000013711
08200031000000000000000915860000000000900830005000000000018917
08200030000000000000001055430000000002884300005000000000060570
08200036000000000000000109960000000001305790005000000000027421
08200036000000000000000110090000000000206610005000000000004339
08200031000000000000000915480000000000735540005000000000015446
08200031000000000000000915610000000000570250005000000000011975
08200031000000000000000915740000000002351240005000000000049376
08200030000000000000001055440000000000570250005000000000011975
08200036000000000000000109970000000006280000005000000000131880
08200031000000000000000915490000000000297520005000000000006248
08200036000000000000000110100000000000735540005000000000015446
08200031000000000000000915620000000000297520005000000000006248
08200031000000000000000915750000000000413220005000000000008678
08200030000000000000001055450000000002867770005000000000060223
08200036000000000000000109980000000000619830005000000000013017
08200031000000000000000915500000000000289260005000000000006074
08200031000000000000000915630000000001966940005000000000041306
08200031000000000000000915760000000000433880005000000000009112
08200030000000000000001055460000000000243800005000000000005120
08200033000000000000000144810000000000619830005000000000013017
08200036000000000000000109990000000001173550005000000000024645
08200031000000000000000915510000000000735540005000000000015446
08200031000000000000000915640000000000413220005000000000008678
08200031000000000000000915770000000000735540005000000000015446
08200030000000000000001055470000000003567270005000000000074913
08200033000000000000000144820000000001719010005000000000036099
08200036000000000000000110000000000004922730005000000000103377
08200031000000000000000915520000000000206610005000000000004339
08200031000000000000000915650000000000652890005000000000013711
08200031000000000000000915780000000001148760005000000000024124
08200030000000000000001055480000000005541320005000000000116368
08200033000000000000000144830000000001223140005000000000025686
08200036000000000000000110010000000000818180005000000000017182
08200031000000000000000915530000000001090910005000000000022909
08200031000000000000000915660000000000289260005000000000006074
08200031000000000000000915790000000001148760005000000000024124
08200030000000000000001055490000000000355370005000000000007463
08200033000000000000000144840000000000983470005000000000020653
08200036000000000000000110020000000003908260005000000000082074
08200031000000000000000915410000000000318180005000000000006682
08200031000000000000000915540000000001254550005000000000026345
08200031000000000000000915670000000000322310005000000000006769
08200031000000000000000915800000000000735540005000000000015446
08200030000000000000001055500000000000983470005000000000020653
08200036000000000000000110030000000000413220005000000000008678
08200031000000000000000915420000000001008260005000000000021174
08200031000000000000000915550000000000644630005000000000013537
08200031000000000000000915680000000000983470005000000000020653
08200031000000000000000915810000000000735540005000000000015446
08200030000000000000001055380000000005131240005000000000107756
08200030000000000000001055510000000002988000005000000000062748
08200036000000000000000110040000000001866120005000000000039188
08200031000000000000000915430000000001809920005000000000038008
08200031000000000000000915560000000000818180005000000000017182
08200031000000000000000915690000000001305790005000000000027421
08200031000000000000000915820000000000818180005000000000017182
08200030000000000000001055390000000001388430005000000000029157
08200036000000000000000109920000000001140500005000000000023950
08200030000000000000001055520000000000570250005000000000011975
08200036000000000000000110050000000000619830005000000000013017
08200031000000000000000915440000000001875210005000000000039379
08200031000000000000000915570000000003024790005000000000063521
08200031000000000000000915700000000000652890005000000000013711
08200031000000000000000915830000000000652890005000000000013711
08200030000000000000001055400000000000652890005000000000013711
08200036000000000000000109930000000001552890005000000000032611
08200036000000000000000110060000000000454550005000000000009545
08200031000000000000000915450000000003000000005000000000063000
08200031000000000000000915580000000003210740005000000000067426
08200031000000000000000915710000000000570250005000000000011975
08200031000000000000000915840000000000454550005000000000009545
08200030000000000000001055410000000000809090005000000000016991
08200036000000000000000109940000000001140500005000000000023950
08200036000000000000000110070000000001966940005000000000041306
08200031000000000000000915460000000003246280005000000000068172
08200031000000000000000915590000000000297520005000000000006248
08200031000000000000000915720000000000413220005000000000008678
08200030000000000000001055550000000002619830005000000000055017
11200032000000000000000009840000000004317360005000000000090665
08200030000000000000001055560000000000570250005000000000011975
08200031000000000000000915870000000000652890005000000000013711
08200030000000000000001055570000000001809090005000000000037991
08200031000000000000000915880000000000619830005000000000013017
08200030000000000000001055580000000000082640005000000000001736
08200036000000000000000110110000000000826450005000000000017355
08100032000000000000000063270000000043982000005000000000923622
08200031000000000000000915890000000001896690005000000000039831
08200030000000000000001055590000000002032230005000000000042677
08200036000000000000000110120000000000783470005000000000016453
08200031000000000000000915900000000001636360005000000000034364
08200030000000000000001055600000000000950410005000000000019959
08200036000000000000000110130000000001322310005000000000027769
08200031000000000000000915910000000000445450005000000000009355
08200030000000000000001055610000000000818180005000000000017182
08200031000000000000000915920000000000809090005000000000016991
08200030000000000000001055620000000000735540005000000000015446
08200031000000000000000915930000000000355370005000000000007463
08200033000000000000000144850000000001966940005000000000041306
08200030000000000000001055630000000001685950005000000000035405
08200031000000000000000915940000000000763640005000000000016036
08200033000000000000000144860000000000652890005000000000013711
08200030000000000000001055640000000002785120005000000000058488
08200031000000000000000915950000000000882640005000000000018536
08200030000000000000001055650000000000818180005000000000017182
08200031000000000000000915960000000000790000005000000000016590
08200030000000000000001055530000000012620660005000000000265034
08200030000000000000001055660000000000330580005000000000006942
08200031000000000000000915970000000000590910005000000000012409
08200030000000000000001055540000000000487600005000000000010240
08200031000000000000000915980000000001809090005000000000037991
08200033000000000000000144900000000000652890005000000000013711
08200030000000000000001055680000000001471070005000000000030893
08200036000000000000000110210000000000979340005000000000020566
08200030000000000000001055810000000000900830005000000000018917
08200031000000000000000915990000000005884300005000000000123570
08200030000000000000001055690000000002438760005000000000051214
08200030000000000000001055820000000000413220005000000000008678
08200031000000000000000916000000000001180170005000000000024783
08100030000000000000000014090000000002206620005000000000046339
08200030000000000000001055700000000000404960005000000000008504
08200031000000000000000916010000000000735540005000000000015446
08200030000000000000001055710000000000404960005000000000008504
08200031000000000000000916020000000001045450005000000000021955
08200030000000000000001055720000000001066120005000000000022388
08100032000000000000000063280000000011286000005000000000237006
08200031000000000000000916030000000001107440005000000000023256
08200030000000000000001055730000000003909090005000000000082091
08100032000000000000000063290000000001646280005000000000034572
08200031000000000000000916040000000002509920005000000000052708
08200036000000000000000110140000000000735540005000000000015446
08200030000000000000001055740000000002516360005000000000052844
08200031000000000000000916050000000000404960005000000000008504
08200036000000000000000110150000000000652890005000000000013711
08200030000000000000001055750000000000322310005000000000006769
08200031000000000000000916060000000000490000005000000000010290
08200036000000000000000110160000000000528930005000000000011107
08200030000000000000001055760000000000454550005000000000009545
08200031000000000000000916070000000000619830005000000000013017
08200036000000000000000110170000000000009090005000000000000191
08200030000000000000001055770000000000413220005000000000008678
08200033000000000000000144870000000000570250005000000000011975
08200031000000000000000916080000000001081820005000000000022718
08200036000000000000000110180000000000735540005000000000015446
08200030000000000000001055780000000004080000005000000000085680
08200033000000000000000144880000000000983470005000000000020653
08200036000000000000000110190000000000073550005000000000001545
08200030000000000000001055790000000001066120005000000000022388
08200033000000000000000144890000000000818180005000000000017182
08200030000000000000001055670000000000970910005000000000020389
08200036000000000000000110200000000000826450005000000000017355
08200030000000000000001055800000000000206610005000000000004339
08200031000000000000000916110000000000590910005000000000012409
08200030000000000000001055940000000001263640005000000000026536
08200033000000000000000144910000000000280990005000000000005901
08200031000000000000000916120000000000041320005000000000000868
08200036000000000000000110220000000000652890005000000000013711
08200030000000000000001055950000000001850410005000000000038859
08200033000000000000000144920000000001884300005000000000039570
08200031000000000000000916130000000001068000005000000000022428
08200036000000000000000110230000000000735540005000000000015446
08200030000000000000001055830000000000809090005000000000016991
08200031000000000000000916140000000000652890005000000000013711
08200036000000000000000110240000000000818180005000000000017182
08200030000000000000001055840000000000793390005000000000016661
08200031000000000000000916150000000000495870005000000000010413
08200036000000000000000110250000000001719010005000000000036099
08200030000000000000001055850000000001719010005000000000036099
08200031000000000000000916160000000000652890005000000000013711
08200036000000000000000110260000000000702480005000000000014752
08200030000000000000001055860000000001941820005000000000040778
08200031000000000000000916170000000000652890005000000000013711
08100032000000000000000063300000000000809090005000000000016991
08200030000000000000001055870000000000528930005000000000011107
08200031000000000000000916180000000000912400005000000000019160
08200030000000000000001055880000000001561980005000000000032802
08200031000000000000000916190000000001725620005000000000036238
08200030000000000000001055890000000000136360005000000000002864
08200031000000000000000916200000000000396690005000000000008331
08200030000000000000001055900000000000790000005000000000016590
08200031000000000000000916210000000004933090005000000000103595
08200030000000000000001055910000000001238840005000000000026016
08200031000000000000000916090000000001066120005000000000022388
08200030000000000000001055920000000000205790005000000000004321
08200031000000000000000916100000000000809090005000000000016991
08200030000000000000001055930000000000892560005000000000018744
08200030000000000000001056060000000001347110005000000000028289
08200031000000000000000916240000000002623970005000000000055103
08200031000000000000000916380000000000900000005000000000018900
08200036000000000000000110340000000000979340005000000000020566
08200030000000000000001056070000000002542070005000000000053383
08200031000000000000000916250000000000735540005000000000015446
08200036000000000000000110350000000000413220005000000000008678
08200030000000000000001056080000000000404960005000000000008504
08200031000000000000000916260000000001066120005000000000022388
08200030000000000000001055960000000000681820005000000000014318
08200030000000000000001056090000000000882640005000000000018536
08200033000000000000000144930000000000975210005000000000020479
08200031000000000000000916270000000000495870005000000000010413
08200030000000000000001055970000000001636360005000000000034364
08200030000000000000001056100000000000735540005000000000015446
08200033000000000000000144940000000000977600005000000000020530
08200031000000000000000916280000000000570250005000000000011975
08200030000000000000001055980000000001254550005000000000026345
08200030000000000000001056110000000001148760005000000000024124
08200033000000000000000144950000000001200000005000000000025200
08200031000000000000000916290000000000818180005000000000017182
08200030000000000000001055990000000001254550005000000000026345
08200033000000000000000144960000000001066120005000000000022388
08200031000000000000000916300000000001359500005000000000028550
08200036000000000000000110270000000004544550005000000000095435
08200030000000000000001056000000000001181820005000000000024818
08100032000000000000000063310000000039891000005000000000837711
08200031000000000000000916310000000000735540005000000000015446
08200036000000000000000110280000000000983470005000000000020653
08200030000000000000001056010000000000404960005000000000008504
08100032000000000000000063320000000063894000005000000001341774
08200031000000000000000916320000000000735540005000000000015446
08200036000000000000000110290000000005381820005000000000113018
08200030000000000000001056020000000000890000005000000000018690
08100032000000000000000063330000000031120000005000000000653520
08200031000000000000000916340000000000818180005000000000017182
08200036000000000000000110300000000001066120005000000000022388
08200030000000000000001056030000000000570250005000000000011975
08200031000000000000000916350000000000900000005000000000018900
08200036000000000000000110310000000001490910005000000000031309
08200030000000000000001056040000000000371900005000000000007810
11300030000000000000000002260000000000882640005000000000018536
08200031000000000000000916220000000000983470005000000000020653
08200031000000000000000916360000000000735540005000000000015446
08200036000000000000000110320000000000247930005000000000005207
08200030000000000000001056050000000000355370005000000000007463
08200031000000000000000916230000000001033060005000000000021694
08200031000000000000000916370000000001801650005000000000037835
08200036000000000000000110330000000000818180005000000000017182
08200031000000000000000916500000000000537190005000000000011281
08200030000000000000001056190000000000404960005000000000008504
08200031000000000000000916510000000000652890005000000000013711
08200030000000000000001056200000000000818180005000000000017182
08200031000000000000000916390000000001618180005000000000033982
08200031000000000000000916520000000001148760005000000000024124
08200030000000000000001056210000000003123970005000000000065603
08200031000000000000000916400000000000882640005000000000018536
08200036000000000000000110360000000000404960005000000000008504
08200031000000000000000916530000000001966940005000000000041306
08100031000000000000000007190000000001610740005000000000033826
08200030000000000000001056220000000002867770005000000000060223
08200031000000000000000916410000000000735540005000000000015446
08200036000000000000000110370000000001644630005000000000034537
08200031000000000000000916540000000000652890005000000000013711
08200030000000000000001056230000000001033060005000000000021694
08200031000000000000000916420000000000479340005000000000010066
08200036000000000000000110380000000003884300005000000000081570
08200031000000000000000916550000000001008260005000000000021174
08200030000000000000001056240000000000735540005000000000015446
08200031000000000000000916430000000001033060005000000000021694
08200036000000000000000110390000000000652890005000000000013711
08200031000000000000000916560000000000648760005000000000013624
08200030000000000000001056120000000000735540005000000000015446
08200030000000000000001056250000000002305790005000000000048421
08200031000000000000000916440000000004570250005000000000095975
08200036000000000000000110400000000000123970005000000000002603
08200031000000000000000916570000000001471070005000000000030893
08200030000000000000001056130000000000661160005000000000013884
08200033000000000000000144970000000002710740005000000000056926
08200031000000000000000916450000000000404960005000000000008504
08200036000000000000000110410000000000735540005000000000015446
11300031000000000000000001680000000000882640005000000000018536
08200031000000000000000916580000000001884300005000000000039570
08200030000000000000001056140000000001865290005000000000039171
08200033000000000000000144980000000001301650005000000000027335
08200031000000000000000916460000000002049590005000000000043041
08200036000000000000000110420000000002537190005000000000053281
08200031000000000000000916590000000000818180005000000000017182
08200030000000000000001056150000000000735540005000000000015446
08200033000000000000000144990000000003851240005000000000080876
08200031000000000000000916470000000001479340005000000000031066
08200030000000000000001056160000000000404960005000000000008504
08100032000000000000000063340000000016173600005000000000339646
08200031000000000000000916480000000000735540005000000000015446
08200030000000000000001056170000000000627270005000000000013173
08200031000000000000000916490000000001471070005000000000030893
08200030000000000000001056180000000000354550005000000000007445
08200036000000000000000110460000000001842980005000000000038702
08200031000000000000000916630000000001527270005000000000032073
08200031000000000000000916760000000000404960005000000000008504
08200030000000000000001056320000000000404960005000000000008504
08200031000000000000000916890000000000243800005000000000005120
08200030000000000000001056450000000003198350005000000000067165
08200036000000000000000110470000000001066120005000000000022388
08200031000000000000000916640000000000809090005000000000016991
08200031000000000000000916770000000000223140005000000000004686
08200030000000000000001056330000000000289260005000000000006074
08200031000000000000000916900000000001636360005000000000034364
08200036000000000000000110480000000000611570005000000000012843
08200031000000000000000916650000000001611570005000000000033843
08200031000000000000000916780000000000652890005000000000013711
08200030000000000000001056340000000000413220005000000000008678
08200031000000000000000916910000000000404960005000000000008504
08200036000000000000000110490000000002033060005000000000042694
08200031000000000000000916660000000000735540005000000000015446
08100030000000000000000014100000000001644630005000000000034537
08200031000000000000000916790000000000809090005000000000016991
08200030000000000000001056350000000000289260005000000000006074
08200036000000000000000110500000000000445450005000000000009355
08100031000000000000000007200000000000983470005000000000020653
08200031000000000000000916670000000000681820005000000000014318
08100030000000000000000014110000000001305780005000000000027421
08200031000000000000000916800000000000735540005000000000015446
08200030000000000000001056360000000000487600005000000000010240
08200036000000000000000110510000000000404960005000000000008504
08200031000000000000000916680000000001520660005000000000031934
08200031000000000000000916810000000000487600005000000000010240
08200030000000000000001056370000000001285120005000000000026988
08200036000000000000000110520000000000371900005000000000007810
08200031000000000000000916690000000000694210005000000000014579
08200031000000000000000916820000000001066120005000000000022388
08200030000000000000001056380000000001925620005000000000040438
08200036000000000000000110530000000002504130005000000000052587
08200031000000000000000916700000000000983470005000000000020653
08200030000000000000001056260000000003537190005000000000074281
08200031000000000000000916830000000000694210005000000000014579
08200030000000000000001056390000000003115700005000000000065430
08200036000000000000000110540000000000652890005000000000013711
08200031000000000000000916710000000000818180005000000000017182
08200030000000000000001056270000000003859500005000000000081050
08200031000000000000000916840000000001471070005000000000030893
08200030000000000000001056400000000002599170005000000000054583
08200031000000000000000916720000000001388430005000000000029157
08200030000000000000001056280000000001305790005000000000027421
08200031000000000000000916850000000001871900005000000000039310
08200030000000000000001056410000000007331820005000000000153968
08200036000000000000000110430000000000570250005000000000011975
08200031000000000000000916600000000000404960005000000000008504
08200031000000000000000916730000000002305790005000000000048421
08200030000000000000001056290000000000404960005000000000008504
08200033000000000000000145000000000001890910005000000000039709
08200031000000000000000916860000000001396690005000000000029331
08200030000000000000001056420000000001133800005000000000023810
08200036000000000000000110440000000000619830005000000000013017
08200031000000000000000916610000000001218180005000000000025582
08200031000000000000000916740000000001471070005000000000030893
08200030000000000000001056300000000004545450005000000000095455
08200031000000000000000916870000000001148760005000000000024124
08200030000000000000001056430000000002756200005000000000057880
08200036000000000000000110450000000001066120005000000000022388
08200031000000000000000916620000000001036360005000000000021764
08200031000000000000000916750000000005454550005000000000114545
08200030000000000000001056310000000001172730005000000000024627
08200031000000000000000916880000000000735540005000000000015446
08200030000000000000001056440000000000700000005000000000014700
08200036000000000000000110590000000000983470005000000000020653
08200031000000000000000917020000000004319830005000000000090717
08200036000000000000000110600000000001279340005000000000026866
08200030000000000000001056460000000001197520005000000000025148
08200031000000000000000917030000000002132230005000000000044777
08200036000000000000000110610000000000735540005000000000015446
08200030000000000000001056470000000002090910005000000000043909
08200031000000000000000917040000000000537190005000000000011281
08200036000000000000000110620000000000882640005000000000018536
08200031000000000000000916920000000000454550005000000000009545
08200030000000000000001056480000000000487600005000000000010240
08200036000000000000000110630000000000247930005000000000005207
08200031000000000000000916930000000001801650005000000000037835
08200030000000000000001056490000000001136360005000000000023864
08200036000000000000000110640000000000859500005000000000018050
08200031000000000000000916940000000001148760005000000000024124
08200030000000000000001056500000000000413220005000000000008678
08200036000000000000000110650000000000371900005000000000007810
08200031000000000000000916950000000000619830005000000000013017
08200030000000000000001056510000000000289260005000000000006074
08200031000000000000000916960000000001345450005000000000028255
08200030000000000000001056520000000004457770005000000000093613
08200031000000000000000916970000000000618180005000000000012982
08200030000000000000001056530000000000652890005000000000013711
08200036000000000000000110550000000000946280005000000000019872
08200031000000000000000916980000000000454550005000000000009545
08200030000000000000001056540000000000783470005000000000016453
08200036000000000000000110560000000002512400005000000000052760
08200031000000000000000916990000000001479340005000000000031066
08200036000000000000000110570000000002267440005000000000047616
08200033000000000000000145010000000001027270005000000000021573
08200031000000000000000917000000000000619830005000000000013017
08200036000000000000000110580000000000735540005000000000015446
08200033000000000000000145020000000000652890005000000000013711
08200031000000000000000917010000000000983470005000000000020653
08200031000000000000000917140000000001479340005000000000031066
08200036000000000000000110720000000000983470005000000000020653
08200033000000000000000145030000000002754550005000000000057845
08200030000000000000001056580000000000404960005000000000008504
08200036000000000000000110730000000001347110005000000000028289
08200033000000000000000145040000000000652890005000000000013711
08200030000000000000001056590000000002360330005000000000049567
08200036000000000000000110740000000004033060005000000000084694
08200033000000000000000145050000000000404960005000000000008504
08200030000000000000001056600000000002454550005000000000051545
08200031000000000000000917050000000000454550005000000000009545
08200030000000000000001056610000000000652890005000000000013711
08200031000000000000000917060000000001298180005000000000027262
08200030000000000000001056620000000001148760005000000000024124
08200031000000000000000917070000000000735540005000000000015446
08200030000000000000001056630000000000763640005000000000016036
08200031000000000000000917080000000002702480005000000000056752
08100036000000000000000000390000000008264480005000000000173554
08200030000000000000001056640000000000871900005000000000018310
08200036000000000000000110660000000000297520005000000000006248
08200031000000000000000917090000000000206610005000000000004339
08200036000000000000000110670000000000900830005000000000018917
08200031000000000000000917100000000000735540005000000000015446
08200036000000000000000110680000000001719010005000000000036099
08200031000000000000000917110000000001884300005000000000039570
08200036000000000000000110690000000001148760005000000000024124
08200030000000000000001056550000000005125290005000000000107631
08200031000000000000000917120000000000243800005000000000005120
08200036000000000000000110700000000000100000005000000000002100
08200030000000000000001056560000000000404960005000000000008504
08200031000000000000000917130000000000735540005000000000015446
08200036000000000000000110710000000000735540005000000000015446
08200030000000000000001056570000000000652890005000000000013711
11300030000000000000000002280000000000970910005000000000020389
08200030000000000000001056700000000001734550005000000000036425
08200031000000000000000917270000000000396690005000000000008331
08200030000000000000001056830000000000718180005000000000015082
08100032000000000000000063370000000021003000005000000000441063
08200031000000000000000917150000000000404960005000000000008504
08200030000000000000001056710000000000991740005000000000020826
08200031000000000000000917280000000000409090005000000000008591
08200030000000000000001056840000000000735540005000000000015446
08100032000000000000000063380000000042328000005000000000888888
08200031000000000000000917160000000000243800005000000000005120
08200030000000000000001056720000000001090000005000000000022890
08200031000000000000000917290000000000735540005000000000015446
08100032000000000000000063390000000010149900005000000000213148
08200031000000000000000917170000000000371900005000000000007810
08200030000000000000001056730000000001875210005000000000039379
08200036000000000000000110750000000000288430005000000000006057
08200033000000000000000145060000000000404960005000000000008504
08100032000000000000000063400000000054306600005000000001140439
08200031000000000000000917180000000002995040005000000000062896
08200030000000000000001056740000000000735540005000000000015446
08200036000000000000000110760000000000735540005000000000015446
08100032000000000000000063410000000006719340005000000000141106
08200031000000000000000917190000000001644630005000000000034537
08100031000000000000000007210000000003793390005000000000079661
08200030000000000000001056750000000000206610005000000000004339
08200036000000000000000110770000000001809090005000000000037991
08200031000000000000000917200000000000681820005000000000014318
08200030000000000000001056760000000001438020005000000000030198
08200036000000000000000110780000000001884300005000000000039570
08200031000000000000000917210000000000413220005000000000008678
08200030000000000000001056770000000002050910005000000000043069
08200030000000000000001056650000000001884300005000000000039570
08200031000000000000000917220000000001765290005000000000037071
08200030000000000000001056780000000000735540005000000000015446
08200030000000000000001056660000000000735540005000000000015446
08200031000000000000000917230000000000413220005000000000008678
08200030000000000000001056790000000001471070005000000000030893
08200030000000000000001056670000000000243800005000000000005120
08200031000000000000000917240000000001190000005000000000024990
08200030000000000000001056800000000000970910005000000000020389
08200030000000000000001056680000000002454550005000000000051545
08200031000000000000000917250000000000809920005000000000017008
08200030000000000000001056810000000000809090005000000000016991
08100032000000000000000063350000000072682900005000000001526341
11300030000000000000000002270000000002454550005000000000051545
08200030000000000000001056690000000001066120005000000000022388
08200031000000000000000917260000000000570250005000000000011975
08200030000000000000001056820000000001438020005000000000030198
08100032000000000000000063360000000035576000005000000000747096
08200030000000000000001056960000000000826450005000000000017355
08200031000000000000000917400000000000206610005000000000004339
08200036000000000000000110850000000000735540005000000000015446
08200030000000000000001056970000000001231400005000000000025860
08200031000000000000000917410000000000570250005000000000011975
08200036000000000000000110860000000005742980005000000000120602
08100033000000000000000004840000000001066120005000000000022389
08200030000000000000001056850000000000404960005000000000008504
08200030000000000000001056980000000000735540005000000000015446
08200031000000000000000917420000000000818180005000000000017182
08200036000000000000000110870000000000735540005000000000015446
08200031000000000000000917300000000002252070005000000000047293
08200030000000000000001056860000000001739670005000000000036533
08200030000000000000001056990000000000735540005000000000015446
08200031000000000000000917430000000004123970005000000000086603
08200036000000000000000110880000000001173550005000000000024645
08200031000000000000000917310000000000297520005000000000006248
08200030000000000000001056870000000000272730005000000000005727
08200030000000000000001057000000000002245450005000000000047155
08200031000000000000000917440000000004818180005000000000101182
08200033000000000000000145070000000002436360005000000000051164
08200036000000000000000110890000000003510740005000000000073726
08200031000000000000000917320000000001644630005000000000034537
08100030000000000000000014120000000000983470005000000000020653
08200030000000000000001056880000000001809090005000000000037991
08200030000000000000001057010000000000818180005000000000017182
08200031000000000000000917450000000000355370005000000000007463
08200033000000000000000145080000000000900830005000000000018917
08200036000000000000000110900000000000247930005000000000005207
08100032000000000000000063420000000006367000005000000000133707
08100031000000000000000007220000000001471080005000000000030893
08200031000000000000000917330000000002536360005000000000053264
08200030000000000000001056890000000003672730005000000000077127
08200030000000000000001057020000000001090000005000000000022890
08200031000000000000000917460000000000702480005000000000014752
08200033000000000000000145090000000000818180005000000000017182
08200036000000000000000110910000000000388430005000000000008157
08100032000000000000000063430000000020700000005000000000434700
08200030000000000000001056900000000005421490005000000000113851
08200031000000000000000917340000000001884300005000000000039570
08200030000000000000001057030000000000427270005000000000008973
08200036000000000000000110790000000001644630005000000000034537
08200031000000000000000917470000000004326450005000000000090855
08200033000000000000000145100000000001223140005000000000025686
08200036000000000000000110920000000000445450005000000000009355
08100032000000000000000063440000000006663000005000000000139923
08200030000000000000001056910000000001066120005000000000022388
08200031000000000000000917350000000005024790005000000000105521
08200030000000000000001057040000000004097520005000000000086048
08200036000000000000000110800000000001966940005000000000041306
08200030000000000000001056920000000001148760005000000000024124
08200031000000000000000917360000000001956120005000000000041078
08200030000000000000001057050000000000735540005000000000015446
08200036000000000000000110810000000000533060005000000000011194
08200030000000000000001056930000000003981820005000000000083618
08200031000000000000000917370000000001148760005000000000024124
08200030000000000000001057060000000000809090005000000000016991
08200036000000000000000110820000000003115700005000000000065430
08200030000000000000001056940000000003847110005000000000080789
08200031000000000000000917380000000001157020005000000000024298
08200030000000000000001057070000000000900830005000000000018917
08200036000000000000000110830000000000136360005000000000002864
08200030000000000000001056950000000001627270005000000000034173
08200031000000000000000917390000000000652890005000000000013711
08200036000000000000000110840000000001528100005000000000032090
08200030000000000000001057090000000002072730005000000000043527
08200031000000000000000917530000000000809920005000000000017008
08200030000000000000001057220000000000404960005000000000008504
08200033000000000000000145160000000003180170005000000000066783
08200036000000000000000110980000000000652890005000000000013711
08200031000000000000000917660000000000925620005000000000019438
08200030000000000000001057100000000001052890005000000000022111
08200031000000000000000917540000000001057850005000000000022215
08200030000000000000001057230000000001140500005000000000023950
08200036000000000000000110990000000001479340005000000000031066
08200031000000000000000917670000000000585950005000000000012305
08200030000000000000001057110000000000487600005000000000010240
08200031000000000000000917550000000000735540005000000000015446
08200030000000000000001057240000000001966940005000000000041306
08200036000000000000000111000000000001202480005000000000025252
08200031000000000000000917680000000000909090005000000000019091
08200030000000000000001057120000000000289260005000000000006074
08200031000000000000000917560000000000735540005000000000015446
08200030000000000000001057250000000000611570005000000000012843
08200036000000000000000111010000000000809920005000000000017008
08200030000000000000001057130000000001074380005000000000022562
08200031000000000000000917570000000000818180005000000000017182
08200030000000000000001057260000000001066120005000000000022388
08200036000000000000000111020000000000942150005000000000019785
08200030000000000000001057140000000001305790005000000000027421
08200031000000000000000917580000000000487600005000000000010240
08200030000000000000001057270000000000818180005000000000017182
08200036000000000000000111030000000001066120005000000000022388
08200030000000000000001057150000000002072730005000000000043527
08200031000000000000000917590000000000227270005000000000004773
08200030000000000000001057280000000002355370005000000000049463
08200036000000000000000111040000000002305790005000000000048421
08200030000000000000001057160000000003627270005000000000076173
08200031000000000000000917600000000000445450005000000000009355
08200036000000000000000111050000000000537190005000000000011281
08200031000000000000000917480000000000040500005000000000000850
08200030000000000000001057170000000000735540005000000000015446
08200033000000000000000145110000000000652890005000000000013711
08200036000000000000000110930000000000404960005000000000008504
08200031000000000000000917610000000001119830005000000000023517
08200036000000000000000111060000000000454550005000000000009545
08200031000000000000000917490000000000322310005000000000006769
08200030000000000000001057180000000000413220005000000000008678
08200033000000000000000145120000000000809090005000000000016991
08200036000000000000000110940000000001066120005000000000022388
08200031000000000000000917620000000001672730005000000000035127
08200036000000000000000111070000000000570250005000000000011975
08200031000000000000000917500000000000404960005000000000008504
08200030000000000000001057190000000000652890005000000000013711
08200033000000000000000145130000000000404960005000000000008504
08200036000000000000000110950000000000652890005000000000013711
08200031000000000000000917630000000000480000005000000000010080
08200036000000000000000111080000000000818180005000000000017182
08200031000000000000000917510000000000890000005000000000018690
08200030000000000000001057200000000000735540005000000000015446
08200033000000000000000145140000000000983470005000000000020653
08200036000000000000000110960000000000570250005000000000011975
08200031000000000000000917640000000000735540005000000000015446
08200030000000000000001057080000000000652890005000000000013711
08200031000000000000000917520000000001066120005000000000022388
08200030000000000000001057210000000000735540005000000000015446
08200033000000000000000145150000000000243800005000000000005120
08200036000000000000000110970000000000735540005000000000015446
08200031000000000000000917650000000000818180005000000000017182
08200030000000000000001057340000000001049590005000000000022041
08200036000000000000000111100000000000895450005000000000018805
08200031000000000000000917780000000003264460005000000000068554
08200031000000000000000917910000000001066120005000000000022388
08200036000000000000000111230000000000243800005000000000005120
08200031000000000000000918040000000001231400005000000000025860
08200030000000000000001057350000000001148760005000000000024124
08200036000000000000000111110000000001066120005000000000022388
08200031000000000000000917790000000001066120005000000000022388
08200031000000000000000917920000000000694210005000000000014579
08200031000000000000000918050000000000355370005000000000007463
08200033000000000000000145170000000000735540005000000000015446
08200030000000000000001057360000000003627270005000000000076173
08200036000000000000000111120000000001066120005000000000022388
08200031000000000000000917800000000000490000005000000000010290
08200031000000000000000917930000000000718180005000000000015082
08200031000000000000000918060000000001066120005000000000022388
08200030000000000000001057370000000005775910005000000000121294
08200036000000000000000111130000000000206610005000000000004339
08200031000000000000000917810000000002700000005000000000056700
08200031000000000000000917940000000000247930005000000000005207
08200031000000000000000918070000000000243800005000000000005120
08200031000000000000000917690000000000809090005000000000016991
08200030000000000000001057380000000001553720005000000000032628
08200036000000000000000111140000000000450410005000000000009459
08200031000000000000000917820000000000322310005000000000006769
08200031000000000000000917950000000001272730005000000000026727
08200031000000000000000918080000000002500000005000000000052500
08200031000000000000000917700000000000437190005000000000009181
08200030000000000000001057390000000001066120005000000000022388
08200036000000000000000111150000000002297520005000000000048248
08200031000000000000000917830000000000413220005000000000008678
08200031000000000000000917960000000001661160005000000000034884
08200031000000000000000918090000000001066120005000000000022388
08200031000000000000000917710000000001272730005000000000026727
08200030000000000000001057400000000001471070005000000000030893
08200036000000000000000111160000000000413220005000000000008678
08200031000000000000000917840000000001066120005000000000022388
08200031000000000000000917970000000002672730005000000000056127
08200031000000000000000918100000000002832230005000000000059477
08200031000000000000000917720000000000793390005000000000016661
08200030000000000000001057410000000000355370005000000000007463
08100031000000000000000007230000000001471080005000000000030893
08200036000000000000000111170000000000008260005000000000000174
08200031000000000000000917850000000000818180005000000000017182
08200031000000000000000917980000000000735540005000000000015446
08200031000000000000000918110000000001644630005000000000034537
08200030000000000000001057290000000000818180005000000000017182
08200031000000000000000917730000000000735540005000000000015446
08200030000000000000001057420000000001801650005000000000037835
08200036000000000000000111180000000001066120005000000000022388
08200031000000000000000917860000000000454550005000000000009545
08200031000000000000000917990000000001305790005000000000027421
08200030000000000000001057300000000000983470005000000000020653
08200031000000000000000917740000000001066120005000000000022388
08200030000000000000001057430000000000780990005000000000016401
08200036000000000000000111190000000000157020005000000000003298
08200031000000000000000917870000000001830580005000000000038442
08200031000000000000000918000000000000652890005000000000013711
08200030000000000000001057310000000004958680005000000000104132
08200031000000000000000917750000000000404960005000000000008504
08200031000000000000000917880000000001363640005000000000028636
08200036000000000000000111200000000001190080005000000000024992
08200031000000000000000918010000000000652890005000000000013711
08200030000000000000001057320000000001362730005000000000028617
08200031000000000000000917760000000000735540005000000000015446
08200031000000000000000917890000000001223140005000000000025686
08200036000000000000000111210000000000735540005000000000015446
08200031000000000000000918020000000001396690005000000000029331
08200030000000000000001057330000000000404960005000000000008504
08200036000000000000000111090000000000404960005000000000008504
08200031000000000000000917770000000010086360005000000000211814
08200031000000000000000917900000000000652890005000000000013711
08200036000000000000000111220000000000404960005000000000008504
08200031000000000000000918030000000000297520005000000000006248
08200030000000000000001057470000000000570250005000000000011975
08200030000000000000001057600000000001727270005000000000036273
08200031000000000000000918170000000001719010005000000000036099
11300030000000000000000002290000000000388430005000000000008157
08200030000000000000001057480000000000983470005000000000020653
08200036000000000000000111240000000001066120005000000000022388
08200031000000000000000918180000000000900830005000000000018917
08200030000000000000001057490000000001553720005000000000032628
08200036000000000000000111250000000001161160005000000000024384
08200031000000000000000918190000000001148760005000000000024124
08200030000000000000001057500000000000388430005000000000008157
08200036000000000000000111260000000001157020005000000000024298
08200031000000000000000918200000000000735540005000000000015446
08200030000000000000001057510000000000388430005000000000008157
08200036000000000000000111270000000000107440005000000000002256
08200031000000000000000918210000000000818180005000000000017182
08200030000000000000001057520000000000485950005000000000010205
08200036000000000000000111280000000000318180005000000000006682
08200030000000000000001057530000000003954550005000000000083045
08200030000000000000001057540000000000644630005000000000013537
08200030000000000000001057550000000000702480005000000000014752
08200031000000000000000918120000000000809920005000000000017008
08200030000000000000001057560000000000404960005000000000008504
08200031000000000000000918130000000000500000005000000000010500
08200030000000000000001057440000000000818180005000000000017182
08200032000000000000000008150000000001080000005000000000022680
08200030000000000000001057570000000001008260005000000000021174
08200031000000000000000918140000000004462810005000000000093719
08200030000000000000001057450000000002280990005000000000047901
08200030000000000000001057580000000000890000005000000000018690
08200031000000000000000918150000000000486780005000000000010222
08200030000000000000001057460000000000445450005000000000009355
08200030000000000000001057590000000000818180005000000000017182
08200031000000000000000918160000000001231400005000000000025860
08200030000000000000001057730000000000954550005000000000020045
08200031000000000000000918300000000012661160005000000000265884
08200030000000000000001057610000000001809090005000000000037991
08200030000000000000001057740000000002355370005000000000049463
08200030000000000000001057620000000000445450005000000000009355
08200030000000000000001057750000000000702480005000000000014752
08200033000000000000000145180000000001801650005000000000037835
08200030000000000000001057630000000005528930005000000000116107
08200030000000000000001057760000000001899500005000000000039890
08200033000000000000000145190000000002453550005000000000051525
08200030000000000000001057640000000000818180005000000000017182
08200033000000000000000145200000000001263640005000000000026536
08200030000000000000001057650000000001033060005000000000021694
08200031000000000000000918220000000000783470005000000000016453
08200033000000000000000145210000000000735540005000000000015446
08100030000000000000000014130000000001231400005000000000025859
08200036000000000000000111290000000002661160005000000000055884
08200030000000000000001057660000000002221490005000000000046651
08200031000000000000000918230000000000900000005000000000018900
08200033000000000000000145220000000000970910005000000000020389
08200036000000000000000111300000000000487600005000000000010240
08200030000000000000001057670000000000735540005000000000015446
08200031000000000000000918240000000000570250005000000000011975
08200036000000000000000111310000000002619830005000000000055017
08200030000000000000001057680000000000396690005000000000008331
08200031000000000000000918250000000000735540005000000000015446
08100032000000000000000063450000000004140000005000000000086940
08200036000000000000000111320000000000652890005000000000013711
08200030000000000000001057690000000000387600005000000000008140
08200031000000000000000918260000000000297520005000000000006248
08200036000000000000000111330000000003259500005000000000068450
08200030000000000000001057700000000002160000005000000000045360
08200031000000000000000918270000000001966120005000000000041288
08200036000000000000000111340000000000735540005000000000015446
08200030000000000000001057710000000000330580005000000000006942
08200031000000000000000918280000000001061980005000000000022302
08200030000000000000001057720000000001727270005000000000036273
08200031000000000000000918290000000002462810005000000000051719
08200031000000000000000918420000000001305790005000000000027421
08200036000000000000000111360000000000198350005000000000004165
08200030000000000000001057860000000000702480005000000000014752
08100032000000000000000063500000000074270000005000000001559670
08200031000000000000000918430000000000970910005000000000020389
08200036000000000000000111370000000000882640005000000000018536
08200031000000000000000918310000000000718180005000000000015082
08200030000000000000001057870000000000652890005000000000013711
08100032000000000000000063510000000066305000005000000001392405
08200036000000000000000111380000000000206610005000000000004339
08200031000000000000000918320000000001842150005000000000038685
08200030000000000000001057880000000000652890005000000000013711
08100032000000000000000063520000000078260000005000000001643460
08200036000000000000000111390000000001123970005000000000023603
08200031000000000000000918330000000000983470005000000000020653
08200030000000000000001057890000000000396690005000000000008331
08100032000000000000000063530000000071991000005000000001511811
08200036000000000000000111400000000000735540005000000000015446
08200030000000000000001057770000000002206610005000000000046339
08200031000000000000000918340000000000570250005000000000011975
08200030000000000000001057900000000000537190005000000000011281
08200030000000000000001057780000000001884300005000000000039570
08200031000000000000000918350000000002536360005000000000053264
08200030000000000000001057790000000001545450005000000000032455
08200031000000000000000918360000000000404960005000000000008504
08200030000000000000001057800000000000652890005000000000013711
08200031000000000000000918370000000000882640005000000000018536
08200033000000000000000145230000000001180170005000000000024783
08200030000000000000001057810000000000077270005000000000001623
08200031000000000000000918380000000000652890005000000000013711
08200030000000000000001057820000000000900830005000000000018917
08100032000000000000000063460000000003450000005000000000072450
08200031000000000000000918390000000001388430005000000000029157
08200030000000000000001057830000000001801650005000000000037835
08100032000000000000000063470000000074415000005000000001562715
08200031000000000000000918400000000000652890005000000000013711
08200032000000000000000008160000000000206610005000000000004339
08200030000000000000001057840000000000900830005000000000018917
08100032000000000000000063480000000064880000005000000001362480
08200031000000000000000918410000000000892560005000000000018744
08200032000000000000000008170000000000330580005000000000006942
08200036000000000000000111350000000000942150005000000000019785
08200030000000000000001057850000000003314050005000000000069595
08100032000000000000000063490000000030870000005000000000648270
08200030000000000000001057980000000000983470005000000000020653
08200031000000000000000918550000000000983470005000000000020653
08200030000000000000001057990000000002950410005000000000061959
08200031000000000000000918560000000000735540005000000000015446
08200031000000000000000918440000000001644630005000000000034537
08200030000000000000001058000000000005204550005000000000109295
08200031000000000000000918570000000000809090005000000000016991
08200031000000000000000918450000000000570250005000000000011975
08200030000000000000001058010000000000735540005000000000015446
08200031000000000000000918580000000000809090005000000000016991
08200031000000000000000918460000000001549590005000000000032541
08200030000000000000001058020000000000136360005000000000002864
08200031000000000000000918590000000000818180005000000000017182
08100032000000000000000063540000000000625210005000000000013129
08200031000000000000000918470000000001305790005000000000027421
08200030000000000000001058030000000002776860005000000000058314
08200031000000000000000918600000000001801650005000000000037835
08200036000000000000000111410000000000619830005000000000013017
08200030000000000000001057910000000000709090005000000000014891
08100032000000000000000063550000000006075000005000000000127575
08200031000000000000000918480000000000206610005000000000004339
08200030000000000000001058040000000000627270005000000000013173
08200031000000000000000918610000000000900830005000000000018917
08200036000000000000000111420000000000818180005000000000017182
08200030000000000000001057920000000000652890005000000000013711
08100032000000000000000063560000000004445000005000000000093345
08200031000000000000000918490000000000983470005000000000020653
08200031000000000000000918620000000000409090005000000000008591
08200036000000000000000111430000000001172730005000000000024627
08200030000000000000001057930000000001818180005000000000038182
08100032000000000000000063570000000007089000005000000000148869
08200031000000000000000918500000000000990910005000000000020809
08200031000000000000000918630000000001801650005000000000037835
08200036000000000000000111440000000001438020005000000000030198
08200033000000000000000145240000000002702480005000000000056752
08200030000000000000001057940000000000980000005000000000020580
11300031000000000000000001690000000002702480005000000000056752
08100032000000000000000063580000000011310000005000000000237510
08200031000000000000000918510000000001479340005000000000031066
08200036000000000000000111450000000000445450005000000000009355
08200030000000000000001057950000000003252070005000000000068293
08100032000000000000000063590000000076711700005000000001610946
08200031000000000000000918520000000000264460005000000000005554
08200030000000000000001057960000000002702480005000000000056752
08100032000000000000000063600000000056612900005000000001188871
08200031000000000000000918530000000002702480005000000000056752
08200030000000000000001057970000000000404960005000000000008504
08200031000000000000000918540000000002702480005000000000056752
08100032000000000000000063620000000041780000005000000000877380
08200030000000000000001058110000000000807440005000000000016956
08200031000000000000000918680000000000718180005000000000015082
08200036000000000000000111490000000000384300005000000000008070
08100032000000000000000063630000000013790000005000000000289590
08200030000000000000001058120000000001801650005000000000037835
08200031000000000000000918690000000000500000005000000000010500
08200036000000000000000111500000000000652890005000000000013711
08100032000000000000000063640000000011213500005000000000235484
08200030000000000000001058130000000001958680005000000000041132
08200031000000000000000918700000000001066120005000000000022388
08200036000000000000000111510000000000247930005000000000005207
08100032000000000000000063650000000035000000005000000000735000
08200030000000000000001058140000000000925620005000000000019438
08200031000000000000000918710000000000652890005000000000013711
08200036000000000000000111520000000000173550005000000000003645
08200030000000000000001058150000000000644630005000000000013537
08200031000000000000000918720000000002785120005000000000058488
08200036000000000000000111530000000000080910005000000000001699
08200030000000000000001058160000000000854550005000000000017945
08200031000000000000000918730000000001636360005000000000034364
08200036000000000000000111540000000001272730005000000000026727
08200030000000000000001058170000000003719010005000000000078099
08200031000000000000000918740000000000900830005000000000018917
08200036000000000000000111550000000002301650005000000000048335
08200030000000000000001058050000000000322310005000000000006769
08200030000000000000001058180000000001367770005000000000028723
08200031000000000000000918750000000000154460005000000000003244
08200036000000000000000111560000000004293390005000000000090161
08200030000000000000001058060000000000648760005000000000013624
08200030000000000000001058190000000001800000005000000000037800
08200031000000000000000918760000000001445450005000000000030355
08200036000000000000000111570000000000611570005000000000012843
08200030000000000000001058070000000007900000005000000000165900
08200031000000000000000918640000000000718180005000000000015082
08200030000000000000001058200000000001595040005000000000033496
08200031000000000000000918770000000002016530005000000000042347
08200036000000000000000111580000000000404960005000000000008504
08200033000000000000000145250000000001081820005000000000022718
08200030000000000000001058080000000001981820005000000000041618
08200031000000000000000918650000000000900830005000000000018917
08200030000000000000001058210000000002305790005000000000048421
08200031000000000000000918780000000001305790005000000000027421
08200036000000000000000111460000000000690000005000000000014490
08200036000000000000000111590000000000322310005000000000006769
08200030000000000000001058090000000000206610005000000000004339
08200031000000000000000918660000000000454550005000000000009545
08200030000000000000001058220000000008427270005000000000176973
08200031000000000000000918790000000001636360005000000000034364
08200036000000000000000111470000000001008260005000000000021174
08100032000000000000000063610000000027830900005000000000584449
08200030000000000000001058100000000001231400005000000000025860
08200031000000000000000918670000000000818180005000000000017182
08200030000000000000001058230000000000702480005000000000014752
08200031000000000000000918800000000000900000005000000000018900
08200036000000000000000111480000000000413220005000000000008678
08200036000000000000000111740000000000355370005000000000007463
08200033000000000000000145280000000000652890005000000000013711
08200031000000000000000919060000000001033060005000000000021694
08200030000000000000001058240000000000735540005000000000015446
08200031000000000000000918810000000003041320005000000000063868
08200030000000000000001058370000000000735540005000000000015446
08200036000000000000000111620000000000990910005000000000020809
08200031000000000000000918940000000002297520005000000000048248
08200033000000000000000145290000000000404960005000000000008504
08200031000000000000000919070000000000735540005000000000015446
08200030000000000000001058250000000001144630005000000000024037
08200031000000000000000918820000000003157020005000000000066298
08200030000000000000001058380000000000404960005000000000008504
08200036000000000000000111630000000001033060005000000000021694
08200031000000000000000918950000000003851240005000000000080876
08200033000000000000000145300000000001527270005000000000032073
08200030000000000000001058260000000001107440005000000000023256
08200031000000000000000918830000000000900830005000000000018917
08200030000000000000001058390000000000206610005000000000004339
08200036000000000000000111640000000001231400005000000000025860
08200031000000000000000918960000000000322310005000000000006769
08200033000000000000000145310000000000702480005000000000014752
08200030000000000000001058270000000001479340005000000000031066
08200031000000000000000918840000000000735540005000000000015446
08200030000000000000001058400000000001644630005000000000034537
08200036000000000000000111650000000001115700005000000000023430
08200031000000000000000918970000000001975210005000000000041479
08200030000000000000001058280000000001479340005000000000031066
08200031000000000000000918850000000001081820005000000000022718
08200030000000000000001058410000000000330580005000000000006942
08200036000000000000000111660000000003214880005000000000067512
08200031000000000000000918980000000003847730005000000000080802
08200030000000000000001058290000000000900830005000000000018917
08200031000000000000000918860000000000983470005000000000020653
08200030000000000000001058420000000001991740005000000000041826
08200036000000000000000111670000000000355370005000000000007463
08200031000000000000000918990000000000900830005000000000018917
08200030000000000000001058300000000001231400005000000000025860
08200031000000000000000918870000000000652890005000000000013711
08200036000000000000000111680000000000537190005000000000011281
08200031000000000000000919000000000000818180005000000000017182
08200030000000000000001058310000000000388430005000000000008157
08200031000000000000000918880000000001144630005000000000024037
08200036000000000000000111690000000001231400005000000000025860
08200031000000000000000919010000000000404960005000000000008504
08200030000000000000001058320000000001842980005000000000038702
08200031000000000000000918890000000000404960005000000000008504
08200036000000000000000111700000000000354550005000000000007445
08200031000000000000000919020000000005735540005000000000120446
08200030000000000000001058330000000000404960005000000000008504
08200031000000000000000918900000000000818180005000000000017182
08200036000000000000000111710000000001066120005000000000022388
08200031000000000000000919030000000001066120005000000000022388
08200030000000000000001058340000000000735540005000000000015446
08200031000000000000000918910000000000780990005000000000016401
08200036000000000000000111720000000004404960005000000000092504
08200033000000000000000145260000000000165290005000000000003471
08200031000000000000000919040000000003173550005000000000066645
08200030000000000000001058350000000000570250005000000000011975
08200036000000000000000111600000000001553720005000000000032628
08200031000000000000000918920000000000445450005000000000009355
08200036000000000000000111730000000000942150005000000000019785
08200033000000000000000145270000000000818180005000000000017182
08200031000000000000000919050000000000735540005000000000015446
08200030000000000000001058360000000001981820005000000000041618
08200036000000000000000111610000000000809090005000000000016991
08200031000000000000000918930000000000735540005000000000015446
