001000020000000000000000103880000000000307005825380000000020174000005000000000423654
001000080000000000000001649380000000000305199221730000000001156030005000000000024277
001000040000000000000002036080000000000307073904720000000002976930005000000000062515
001000020000000000000002283880000000000306501870120000000000500000005000000000010500
002000100000000000000000548580000000000305033498800000000007326450005000000000153855
001083400000000000000207815780000000000306394537380000000000834720005000000000017529
001000020000000000000002286980000000000306501870120000000000600000005000000000012600
001000080000000000000001647080000000000305199221730000000000128450005000000000002697
001000040000000000000003784680000000000307114815120000000004333060005000000000090994
001000040000000000000007554980000000000307087623730000000001785120005000000000037488
001083400000000000000209323480000000000306394537380000000004021530005000000000084452
001000020000000000000002282880000000000306501870120000000000600000005000000000012600
001000020000000000000002288280000000000306501870120000000000600000005000000000012600
001000030000000000000000143780000000000337142909890000000002644630005000000000055537
001083400000000000000212860780000000000306394537380000000005003140005000000000105066
001000030000000000000000143880000000000337142909890000000002644630005000000000055537
001000040000000000000002037280000000000307073904720000000000093860005000000000001971
001000720000000000000042655780000000000306578663300000000000456410005000000000004501
001000020000000000000000060880000000000201653764210000000003000000005000000000063000
001000030000000000000000144080000000000337142909890000000002644630005000000000055537
001040900000000000000003958980000000000306787744950000000000991780006000000000028087
001000080000000000000001701680000000000305199221730000000000578010005000000000012138
001001200000000000000019030680000000000306394539750000000000309820006000000000007790
001044050000000000000297040580000000000306394537380000000000432330006000000000011673
001044050000000000000297054580000000000306394537380000000000013140006000000000000355
001000140000000000000678928380000000000306551162020000000014386960006000000000388448
001000080000000000000001686180000000000305199221730000000000128450005000000000002697
001044050000000000000297040680000000000306394537380000000000592780006000000000016005
001044050000000000000297161080000000000306394537380000000000309430006000000000008355
001000010000000000000001275880000000000200613199570000000002000000005000000000042000
001091030000000000002005986580000000000306394537380000000000318740006000000000008606
001081750000000000004788707880000000000306394539750000000001740210006000000000012227
001000080000000000000001700980000000000305199221730000000000228450005000000000004797
001044050000000000000297040780000000000306394537380000000000300610006000000000008116
001091030000000000002008504980000000000306394537380000000000353910006000000000009556
001030530000000000000011175680000000000306787744950000000001429720005000000000027004
001000100000000000000000492880000000000337145786990000000190685090005000000004004387
001000020000000000000000105380000000000307005825380000000018480000005000000000388080
001000080000000000000001732080000000000305199221730000000000128450005000000000002697
001000020000000000000000167880000000000307093000200000000002891920005000000000060730
001000100000000000000000492980000000000337145786990000000204738380005000000004299506
001000180000000000000014553680000000000307073967800000000002793800005000000000058670
001000020000000000000001358880000000000337084121690000000015096760005000000000317032
001000060000000000000005494780000000000305955554490000000001843710005000000000038718
001000080000000000000001738580000000000305199221730000000000128450005000000000002697
001000020000000000000000287880000000000307103181970000000025000000005000000000525000
001000010000000000000000651780000000000271648297020000000002438020005000000000051198
001000080000000000000001745880000000000305199221730000000000128450005000000000002697
001000080000000000000001736880000000000305199221730000000001156030005000000000024277
001000040000000000000002045780000000000307073904720000000013700720005000000000287715
001000030000000000000000764680000000000306118754670000000014239800005000000000299036
001000080000000000000001775080000000000305199221730000000002568960005000000000053948
001000040000000000000002048480000000000307073904720000000003516390005000000000073844
001000030000000000000003110380000000000305798063420000000002509900005000000000052708
001000080000000000000001774080000000000305199221730000000000128450005000000000002697
001072070000000000000000460080000000000305480831560000000001902300005000000000039948
001000030000000000000003112780000000000305798063420000000002589460005000000000054379
001000140000000000000000863780000000000306847088360000000000830000004000000000008715
001000140000000000000011135480000000000307014869310000000000726250004000000000012125
001000080000000000000001791780000000000305199221730000000000128450005000000000002697
001000140000000000000000864080000000000306847088360000000000830000004000000000008715
001000140000000000000000875380000000000306847088360000000000830000004000000000008715
001000140000000000000011135580000000000307014869310000000001357460004000000000028747
001000140000000000000000864180000000000306847088360000000000830000004000000000008715
001000010000000000002156196880000000000307095141440000000004945170006000000000049137
001000060000000000000005504980000000000305955554490000000003387190005000000000071132
001000040000000000000002052380000000000307073904720000000016549410005000000000347538
001000040000000000000000120180000000000202600101910000000005000000005000000000105000
001000030000000000000000217980000000000306015984730000000001537020005000000000032278
001000010000000000000054068380000000000307095141440000000004556150006000000000123016
001000100000000000000000494380000000000337145786990000000150518470005000000003160888
001000040000000000000002053880000000000307073904720000000002467570005000000000051819
001000030000000000000000401080000000000305191327410000000019510800005000000000409727
001000100000000000000000494280000000000337145786990000000274416930005000000005762756
001000040000000000000002053180000000000307073904720000000000129880005000000000002728
001000020000000000000001001780000000000307083221600000000009340300005000000000196146
001003280000000000000012579880000000000305799390080000000000652890005000000000013711
001000080000000000000001870480000000000305199221730000000001734050005000000000036415
001000010000000000000000870180000000000307152534840000000009736200005000000000204460
001000020000000000000001004480000000000307083221600000000011876300005000000000249402
001000030000000000000003133380000000000305798063420000000004575580005000000000096087
001000040000000000000002059980000000000307073904720000000001797590005000000000037749
001000030000000000000000762480000000000307093284480000000141550190005000000002972554
001000120000000000000293337980000000000305457881670000000012522110006000000000338097
001000040000000000000002063480000000000307073904720000000000619260005000000000013004
001000120000000000000293339580000000000305457881670000000014453090006000000000390233
001035740000000000000007624780000000000306787744950000000001694470006000000000032000
001000020000000000000000018580000000000337111763790000000022001220005000000000462026
001040900000000000000004072480000000000306787744950000000000669710005000000000018966
001010290000000000000102502180000000000306632884970000000009860550005000000000239534
001000040000000000000002070180000000000307073904720000000000438120005000000000009201
001000310000000000000000161080000000000305159309020000000084820590005000000001781232
001000020000000000000001373980000000000337084121690000000026528910005000000000557107
001000040000000000000002071480000000000307073904720000000002572380005000000000054020
001000020000000000000000008580000000000202172098550000000057500000005000000001207500
001000120000000000000307541080000000000305457881670000000009666970006000000000261008
001000120000000000000002777980000000000305154984070000000000642600005000000000013495
001000020000000000000000005580000000000209410601890000000068750000005000000001443750
001000110000000000000004896580000000000305154984070000000006435520005000000000135146
001004080000000000000000587780000000000306365291640000000021250000005000000000446250
