08200031000000000000000919220000000002454550005000000000051545
08200036000000000000000111760000000001876030005000000000039397
08200030000000000000001058550000000000570250005000000000011975
08200031000000000000000919100000000002350410005000000000049359
08200031000000000000000919230000000000900830005000000000018917
08200030000000000000001058430000000001066120005000000000022388
08200036000000000000000111770000000003557850005000000000074715
08200031000000000000000919110000000000652890005000000000013711
08200030000000000000001058440000000001202480005000000000025252
08200036000000000000000111780000000000458680005000000000009632
08200031000000000000000919120000000000652890005000000000013711
08200030000000000000001058450000000000206610005000000000004339
08200036000000000000000111790000000000223140005000000000004686
08200031000000000000000919130000000000206610005000000000004339
08200030000000000000001058460000000002132230005000000000044777
08200036000000000000000111800000000000809090005000000000016991
08200031000000000000000919140000000000570250005000000000011975
08200030000000000000001058470000000000388430005000000000008157
08200033000000000000000145320000000000322310005000000000006769
08200036000000000000000111810000000000652890005000000000013711
08200031000000000000000919150000000000818180005000000000017182
08200030000000000000001058480000000000541320005000000000011368
08200033000000000000000145330000000000900000005000000000018900
08200036000000000000000111820000000001066120005000000000022388
08200031000000000000000919160000000000735540005000000000015446
08200030000000000000001058490000000001644630005000000000034537
08200033000000000000000145340000000000652890005000000000013711
08200036000000000000000111830000000001066120005000000000022388
08200031000000000000000919170000000001144630005000000000024037
08200030000000000000001058500000000000106610005000000000002239
08200033000000000000000145350000000000652890005000000000013711
08200036000000000000000111840000000000123970005000000000002603
08200031000000000000000919180000000001371900005000000000028810
08200030000000000000001058510000000008396690005000000000176331
08200036000000000000000111850000000002677690005000000000056231
08200031000000000000000919190000000001080990005000000000022701
08200030000000000000001058520000000001033060005000000000021694
08200036000000000000000111860000000000206610005000000000004339
08200031000000000000000919200000000001080990005000000000022701
08200030000000000000001058530000000000652890005000000000013711
08200031000000000000000919080000000000272730005000000000005727
08200036000000000000000111750000000000454550005000000000009545
08200031000000000000000919210000000000735540005000000000015446
08200030000000000000001058540000000001378510005000000000028949
08200031000000000000000919090000000000970910005000000000020389
08200031000000000000000919350000000000718180005000000000015082
08200036000000000000000111890000000000595040005000000000012496
08200030000000000000001058680000000002148760005000000000045124
08200031000000000000000919360000000000355370005000000000007463
08200030000000000000001058560000000000818180005000000000017182
08200036000000000000000111900000000001099170005000000000023083
08200031000000000000000919240000000000245450005000000000005155
08200031000000000000000919370000000001033060005000000000021694
08200030000000000000001058570000000000945450005000000000019855
08200036000000000000000111910000000000040500005000000000000850
08200031000000000000000919250000000000413220005000000000008678
08200031000000000000000919380000000002297520005000000000048248
08200030000000000000001058580000000001760330005000000000036967
08200031000000000000000919260000000000735540005000000000015446
08200031000000000000000919390000000000652890005000000000013711
08200030000000000000001058590000000000619830005000000000013017
08200031000000000000000919270000000000095870005000000000002013
08200031000000000000000919400000000000900000005000000000018900
08200030000000000000001058600000000000809920005000000000017008
08100032000000000000000063660000000036338000005000000000763098
08200031000000000000000919280000000001066120005000000000022388
08200031000000000000000919410000000000900830005000000000018917
08200030000000000000001058610000000000090910005000000000001909
08100032000000000000000063670000000021668000005000000000455028
08200031000000000000000919290000000000644630005000000000013537
08200031000000000000000919420000000001388430005000000000029157
08200030000000000000001058620000000002537190005000000000053281
08100032000000000000000063680000000037230000005000000000781830
08200031000000000000000919300000000000900000005000000000018900
08200031000000000000000919430000000002049590005000000000043041
08200030000000000000001058630000000001471070005000000000030893
08100032000000000000000063690000000007247000005000000000152187
08200031000000000000000919310000000003441320005000000000072268
08200033000000000000000145360000000000404960005000000000008504
08200030000000000000001058640000000000652890005000000000013711
08100032000000000000000063700000000023791500005000000000499622
08200031000000000000000919320000000000537190005000000000011281
08200033000000000000000145370000000000735540005000000000015446
08200030000000000000001058650000000001066120005000000000022388
08100032000000000000000063710000000028152000005000000000591192
08200031000000000000000919330000000000413220005000000000008678
08200033000000000000000145380000000000495870005000000000010413
08200036000000000000000111870000000000677690005000000000014231
08200030000000000000001058660000000002760330005000000000057967
08100032000000000000000063720000000014295000005000000000300195
11300030000000000000000002300000000000038840005000000000000816
08200031000000000000000919340000000001066120005000000000022388
08200036000000000000000111880000000001148760005000000000024124
08200030000000000000001058670000000001826450005000000000038355
08200030000000000000001058760000000003818180005000000000080182
08200033000000000000000145400000000000818180005000000000017182
08200031000000000000000919480000000001276860005000000000026814
08200030000000000000001058770000000000900830005000000000018917
08200033000000000000000145410000000000900830005000000000018917
08200031000000000000000919490000000001007440005000000000021156
08200030000000000000001058690000000000404960005000000000008504
08100033000000000000000004850000000003530600005000000000074143
08200030000000000000001058780000000003883390005000000000081551
08200031000000000000000919500000000002470000005000000000051870
08200030000000000000001058700000000001336360005000000000028064
08100033000000000000000004860000000004119030005000000000086500
08200030000000000000001058790000000000731400005000000000015360
08200036000000000000000111920000000000206610005000000000004339
08200031000000000000000919510000000002338840005000000000049116
08200030000000000000001058800000000006936360005000000000145664
08200036000000000000000111930000000001202480005000000000025252
08200031000000000000000919520000000001553720005000000000032628
08200030000000000000001058810000000001185950005000000000024905
08200036000000000000000111940000000000206610005000000000004339
08200031000000000000000919530000000000206610005000000000004339
08200036000000000000000111950000000000652890005000000000013711
08200031000000000000000919540000000001553720005000000000032628
08200036000000000000000111960000000002147930005000000000045107
08200031000000000000000919550000000000652890005000000000013711
08200030000000000000001058710000000000486780005000000000010222
08200036000000000000000111970000000000016530005000000000000347
08200031000000000000000919560000000003781820005000000000079418
08200030000000000000001058720000000001148760005000000000024124
08200031000000000000000919440000000003627270005000000000076173
08200036000000000000000111980000000000404960005000000000008504
08200031000000000000000919570000000001479340005000000000031066
11300033000000000000000001040000000001231400005000000000025860
08200030000000000000001058730000000001818180005000000000038182
08200031000000000000000919450000000000735540005000000000015446
08200036000000000000000111990000000001119010005000000000023499
08200030000000000000001058740000000000735540005000000000015446
08200031000000000000000919460000000000735540005000000000015446
08200036000000000000000112000000000000789260005000000000016574
08200030000000000000001058750000000002170910005000000000045589
08100030000000000000000014140000000004519830005000000000094916
08200033000000000000000145390000000001231400005000000000025860
08200031000000000000000919470000000001081820005000000000022718
08100032000000000000000063730000000002750000005000000000057750
08200036000000000000000112010000000000735540005000000000015446
08200031000000000000000919860000000001800000005000000000037800
08200030000000000000001058890000000000404960005000000000008504
08100032000000000000000063740000000034529000005000000000725109
08200036000000000000000112020000000000735540005000000000015446
08200031000000000000000919610000000001148760005000000000024124
08200031000000000000000919740000000000652890005000000000013711
08200030000000000000001058900000000000809090005000000000016991
08100032000000000000000063750000000035000000005000000000735000
08200036000000000000000112030000000000243800005000000000005120
08200031000000000000000919620000000000247930005000000000005207
08200031000000000000000919750000000001553720005000000000032628
08200033000000000000000145420000000002618180005000000000054982
08200030000000000000001058910000000001140500005000000000023950
08100032000000000000000063760000000018000000005000000000378000
08200036000000000000000112040000000000892560005000000000018744
08200031000000000000000919630000000001677690005000000000035231
08200031000000000000000919760000000000570250005000000000011975
08200033000000000000000145430000000002214880005000000000046512
08200030000000000000001058920000000000427270005000000000008973
08200036000000000000000112050000000000404960005000000000008504
08200031000000000000000919640000000001900000005000000000039900
08200031000000000000000919770000000001066120005000000000022388
08100033000000000000000004870000000000983470005000000000020653
08200030000000000000001058930000000000809090005000000000016991
08200036000000000000000112060000000000735540005000000000015446
08200031000000000000000919650000000000165290005000000000003471
08200031000000000000000919780000000000570250005000000000011975
08200030000000000000001058940000000000404960005000000000008504
08200036000000000000000112070000000001082640005000000000022736
08200031000000000000000919660000000000990910005000000000020809
08200031000000000000000919790000000001553720005000000000032628
08200030000000000000001058820000000000661160005000000000013884
08200030000000000000001058950000000000652890005000000000013711
08200036000000000000000112080000000000045450005000000000000955
08200031000000000000000919670000000000619830005000000000013017
08200031000000000000000919800000000000297520005000000000006248
08200030000000000000001058830000000001743800005000000000036620
08200030000000000000001058960000000000900830005000000000018917
08200036000000000000000112090000000001949590005000000000040941
08200031000000000000000919680000000001231400005000000000025860
08200031000000000000000919810000000000652890005000000000013711
08200030000000000000001058840000000000892560005000000000018744
08200031000000000000000919690000000000735540005000000000015446
08200031000000000000000919820000000002594210005000000000054479
08200030000000000000001058850000000002123970005000000000044603
08200031000000000000000919700000000002132230005000000000044777
08200031000000000000000919830000000002639670005000000000055433
08200030000000000000001058860000000001544630005000000000032437
08200031000000000000000919580000000000735540005000000000015446
08200031000000000000000919710000000000990000005000000000020790
08200031000000000000000919840000000000900830005000000000018917
08200030000000000000001058870000000001900000005000000000039900
08200031000000000000000919590000000002008260005000000000042174
08200031000000000000000919720000000001388430005000000000029157
08200031000000000000000919850000000001305790005000000000027421
08200030000000000000001058880000000001231400005000000000025860
08200031000000000000000919600000000001768600005000000000037140
08200031000000000000000919730000000000735540005000000000015446
08200031000000000000000919990000000001223140005000000000025686
08200031000000000000000920120000000000652890005000000000013711
08200031000000000000000920250000000002487600005000000000052240
08200030000000000000001059020000000001115700005000000000023430
08200036000000000000000112150000000000404960005000000000008504
08200030000000000000001059150000000000619830005000000000013017
08200031000000000000000919870000000001066120005000000000022388
08200031000000000000000920000000000000983470005000000000020653
08200031000000000000000920130000000000900830005000000000018917
08200031000000000000000920260000000000322310005000000000006769
08200030000000000000001059030000000000404960005000000000008504
08200036000000000000000112160000000002020660005000000000042434
08200030000000000000001059160000000004181820005000000000087818
08200031000000000000000919880000000000727270005000000000015273
08200031000000000000000920010000000004668180005000000000098032
08200031000000000000000920140000000001479340005000000000031066
08200031000000000000000920270000000000371900005000000000007810
08200030000000000000001059040000000000735540005000000000015446
08200036000000000000000112170000000000652890005000000000013711
08200030000000000000001059170000000004367770005000000000091723
08200031000000000000000919890000000001145450005000000000024055
08200031000000000000000920020000000001140500005000000000023950
08200031000000000000000920150000000001657770005000000000034813
08200031000000000000000920280000000000735540005000000000015446
08200030000000000000001059050000000000404960005000000000008504
08200036000000000000000112180000000000445450005000000000009355
08200030000000000000001059180000000001231400005000000000025860
08200031000000000000000919900000000000890000005000000000018690
08200031000000000000000920030000000001049590005000000000022041
08200033000000000000000145450000000002717360005000000000057064
08200031000000000000000920160000000001371070005000000000028793
08200030000000000000001059060000000000900000005000000000018900
08200036000000000000000112190000000002627270005000000000055173
08200030000000000000001059190000000001845450005000000000038755
08200031000000000000000919910000000002132230005000000000044777
08200031000000000000000920040000000001471070005000000000030893
08200033000000000000000145460000000004280990005000000000089901
08200031000000000000000920170000000001066120005000000000022388
08200030000000000000001059070000000001719010005000000000036099
08200036000000000000000112200000000000409090005000000000008591
08200030000000000000001059200000000000652890005000000000013711
08200031000000000000000919920000000000454550005000000000009545
08200031000000000000000920050000000003264460005000000000068554
08200033000000000000000145470000000000979340005000000000020566
08200031000000000000000920180000000000081820005000000000001718
08200030000000000000001059080000000004330580005000000000090942
08200036000000000000000112210000000002700000005000000000056700
08200030000000000000001059210000000001553720005000000000032628
08200031000000000000000919930000000000818180005000000000017182
08200031000000000000000920060000000000900830005000000000018917
08200031000000000000000920190000000001504130005000000000031587
08200030000000000000001059090000000001238840005000000000026016
08200030000000000000001059220000000000652890005000000000013711
08200031000000000000000919940000000000818180005000000000017182
08200031000000000000000920070000000003690910005000000000077509
08200031000000000000000920200000000000735540005000000000015446
08200030000000000000001058970000000003165290005000000000066471
08200036000000000000000112100000000000900830005000000000018917
08200030000000000000001059100000000003264460005000000000068554
08200030000000000000001059230000000000909090005000000000019091
08200031000000000000000919950000000002487600005000000000052240
08200031000000000000000920080000000002314050005000000000048595
08200031000000000000000920210000000001884300005000000000039570
08200030000000000000001058980000000004570250005000000000095975
08200036000000000000000112110000000000735540005000000000015446
08200030000000000000001059110000000000900830005000000000018917
08200031000000000000000919960000000000938020005000000000019698
08200031000000000000000920090000000001231400005000000000025860
08200031000000000000000920220000000001471070005000000000030893
08200030000000000000001058990000000000900830005000000000018917
08200036000000000000000112120000000000900830005000000000018917
08200030000000000000001059120000000003090910005000000000064909
08200031000000000000000919970000000001884300005000000000039570
08200031000000000000000920100000000001884300005000000000039570
08200031000000000000000920230000000001066120005000000000022388
08200030000000000000001059000000000001553720005000000000032628
08200036000000000000000112130000000000388430005000000000008157
08200030000000000000001059130000000004527270005000000000095073
08200031000000000000000919980000000000735540005000000000015446
08200031000000000000000920110000000000388430005000000000008157
08200031000000000000000920240000000000570250005000000000011975
08200030000000000000001059010000000002214880005000000000046512
08200036000000000000000112140000000001078510005000000000022649
08200030000000000000001059140000000000404960005000000000008504
08200030000000000000001059270000000000735540005000000000015446
08200031000000000000000920380000000000570250005000000000011975
08200030000000000000001059280000000000570250005000000000011975
08200031000000000000000920390000000000809090005000000000016991
08200030000000000000001059290000000003024790005000000000063521
08200031000000000000000920400000000001140500005000000000023950
08200030000000000000001059300000000001528930005000000000032107
08100032000000000000000063770000000051599300005000000001083585
08200031000000000000000920410000000001066120005000000000022388
08200032000000000000000008180000000004320000005000000000090720
08200030000000000000001059310000000000900830005000000000018917
08100032000000000000000063780000000041943500005000000000880814
08200031000000000000000920290000000001490910005000000000031309
08200031000000000000000920420000000003756200005000000000078880
08200030000000000000001059320000000005130580005000000000107742
08100032000000000000000063790000000022767000005000000000478107
08200031000000000000000920300000000001066120005000000000022388
08100032000000000000000063800000000004838000005000000000101598
08200031000000000000000920310000000002459500005000000000051650
08200033000000000000000145480000000002371900005000000000049810
08200031000000000000000920320000000003454550005000000000072545
08200036000000000000000112220000000000735540005000000000015446
08200031000000000000000920330000000000322310005000000000006769
08200036000000000000000112230000000002049590005000000000043041
11200032000000000000000009850000000007268290005000000000152634
08200031000000000000000920340000000000979340005000000000020566
08200036000000000000000112240000000001636360005000000000034364
08200030000000000000001059240000000001218180005000000000025582
11200032000000000000000009860000000005952000005000000000124992
08200031000000000000000920350000000001140500005000000000023950
08200036000000000000000112250000000000188430005000000000003957
08200030000000000000001059250000000000404960005000000000008504
08200031000000000000000920360000000000247930005000000000005207
08200036000000000000000112260000000000454550005000000000009545
08200030000000000000001059260000000001015700005000000000021330
08200031000000000000000920370000000000735540005000000000015446
08200031000000000000000920500000000001636360005000000000034364
08200036000000000000000112280000000000727270005000000000015273
08200031000000000000000920510000000000570250005000000000011975
08200036000000000000000112290000000000818180005000000000017182
08200031000000000000000920520000000001966940005000000000041306
08200036000000000000000112300000000004595040005000000000096496
08200036000000000000000112310000000000247930005000000000005207
08200036000000000000000112320000000002293390005000000000048161
08200032000000000000000008190000000010181000005000000000213801
08200031000000000000000920430000000000570250005000000000011975
08200036000000000000000112330000000000090080005000000000001892
08200032000000000000000008200000000012874000005000000000270354
08200030000000000000001059330000000000388430005000000000008157
08200031000000000000000920440000000001636360005000000000034364
08200036000000000000000112340000000000490000005000000000010290
08200030000000000000001059340000000001209920005000000000025408
08200031000000000000000920450000000001471070005000000000030893
08200030000000000000001059350000000002288430005000000000048057
08200033000000000000000145490000000000239670005000000000005033
08200031000000000000000920460000000002558680005000000000053732
08200030000000000000001059360000000001549590005000000000032541
08200033000000000000000145500000000000735540005000000000015446
08200031000000000000000920470000000002214880005000000000046512
08200030000000000000001059370000000002163640005000000000045436
08200031000000000000000920480000000001305790005000000000027421
08200030000000000000001059380000000000243800005000000000005120
08200031000000000000000920490000000002746120005000000000057668
08200030000000000000001059390000000002448600005000000000051420
08200036000000000000000112270000000000652890005000000000013711
08200036000000000000000112400000000000260330005000000000005467
08200031000000000000000920630000000001477690005000000000031031
08200030000000000000001059400000000001036360005000000000021764
08200033000000000000000145540000000001603310005000000000033669
08200036000000000000000112410000000000280990005000000000005901
08200031000000000000000920640000000000322310005000000000006769
08200030000000000000001059410000000000983470005000000000020653
08200033000000000000000145550000000000409090005000000000008591
08200036000000000000000112420000000000165290005000000000003471
08200031000000000000000920650000000001801650005000000000037835
08200030000000000000001059420000000000322310005000000000006769
08200031000000000000000920530000000000809090005000000000016991
08200031000000000000000920660000000000570250005000000000011975
08200030000000000000001059430000000000487600005000000000010240
08200031000000000000000920540000000001180170005000000000024783
08200031000000000000000920670000000000900830005000000000018917
08200030000000000000001059440000000000652890005000000000013711
08200031000000000000000920550000000000890000005000000000018690
08200031000000000000000920680000000000652890005000000000013711
08200030000000000000001059450000000002609090005000000000054791
08200031000000000000000920560000000000681820005000000000014318
08200031000000000000000920690000000000882640005000000000018536
08200030000000000000001059460000000001279340005000000000026866
08200031000000000000000920570000000000454550005000000000009545
08200036000000000000000112350000000003012400005000000000063260
08200031000000000000000920580000000000735540005000000000015446
08200036000000000000000112360000000003408260005000000000071574
08200031000000000000000920590000000000900830005000000000018917
08200036000000000000000112370000000001231400005000000000025860
08200031000000000000000920600000000000735540005000000000015446
08200033000000000000000145510000000000809920005000000000017008
08200036000000000000000112380000000000223140005000000000004686
08200031000000000000000920610000000001355370005000000000028463
08200033000000000000000145520000000001801650005000000000037835
08200036000000000000000112390000000000454550005000000000009545
08200031000000000000000920620000000000826450005000000000017355
08200033000000000000000145530000000000652890005000000000013711
08200036000000000000000112530000000001818180005000000000038182
08200031000000000000000920760000000001876030005000000000039397
08200030000000000000001059530000000000735540005000000000015446
08200030000000000000001059660000000001148760005000000000024124
08200031000000000000000920770000000001066120005000000000022388
08200030000000000000001059540000000004669420005000000000098058
08200033000000000000000145560000000001388430005000000000029157
08200031000000000000000920780000000001354550005000000000028445
08200030000000000000001059550000000001355370005000000000028463
08200036000000000000000112430000000000227270005000000000004773
08200033000000000000000145570000000002072730005000000000043527
08200031000000000000000920790000000000735540005000000000015446
08200030000000000000001059560000000000652890005000000000013711
08200036000000000000000112440000000000023970005000000000000503
08200033000000000000000145580000000000570250005000000000011975
08200031000000000000000920800000000000206610005000000000004339
08200030000000000000001059570000000004528930005000000000095107
08200036000000000000000112450000000001231400005000000000025860
08200033000000000000000145590000000002041320005000000000042868
08200031000000000000000920810000000000652890005000000000013711
08200030000000000000001059580000000001636360005000000000034364
08200036000000000000000112460000000000247930005000000000005207
08200033000000000000000145600000000001285120005000000000026988
08200031000000000000000920820000000003004130005000000000063087
08200030000000000000001059590000000001627270005000000000034173
08200036000000000000000112470000000001800830005000000000037817
08200031000000000000000920700000000003436360005000000000072164
08200030000000000000001059470000000000652890005000000000013711
08200033000000000000000145610000000000181820005000000000003818
08200031000000000000000920830000000000537190005000000000011281
08200030000000000000001059600000000005487600005000000000115240
08200036000000000000000112480000000002123970005000000000044603
08200031000000000000000920710000000000735540005000000000015446
08200030000000000000001059480000000002390910005000000000050209
08200031000000000000000920840000000001066120005000000000022388
08200030000000000000001059610000000006223140005000000000130686
08200036000000000000000112490000000000735540005000000000015446
08200031000000000000000920720000000000627270005000000000013173
08200030000000000000001059490000000000983470005000000000020653
08200031000000000000000920850000000001388430005000000000029157
08200030000000000000001059620000000000900830005000000000018917
08200036000000000000000112500000000001066120005000000000022388
08200031000000000000000920730000000003289260005000000000069074
08200030000000000000001059500000000000355370005000000000007463
08200031000000000000000920860000000000809090005000000000016991
08200030000000000000001059630000000001553720005000000000032628
11200032000000000000000009870000000000609000005000000000012789
08200036000000000000000112510000000000404960005000000000008504
08200031000000000000000920740000000000297520005000000000006248
08200030000000000000001059510000000000892560005000000000018744
08200031000000000000000920870000000002041320005000000000042868
08200030000000000000001059640000000000652890005000000000013711
08200036000000000000000112520000000003504130005000000000073587
08200031000000000000000920750000000000404960005000000000008504
08200030000000000000001059520000000000652890005000000000013711
08200030000000000000001059650000000000445450005000000000009355
08200031000000000000000921140000000001438020005000000000030198
08200031000000000000000920890000000000243800005000000000005120
08200031000000000000000921020000000000677690005000000000014231
08200031000000000000000921150000000001066120005000000000022388
08200036000000000000000112540000000004297520005000000000090248
08200031000000000000000920900000000000445450005000000000009355
08200030000000000000001059670000000001089260005000000000022874
08200031000000000000000921030000000004057850005000000000085215
08200031000000000000000921160000000000900830005000000000018917
08200036000000000000000112550000000001809090005000000000037991
08200031000000000000000920910000000000719010005000000000015099
08200030000000000000001059680000000000413220005000000000008678
08200031000000000000000921040000000002305790005000000000048421
08200031000000000000000921170000000002072730005000000000043527
08200036000000000000000112560000000000652890005000000000013711
08200031000000000000000920920000000000735540005000000000015446
08200030000000000000001059690000000002260000005000000000047460
08200031000000000000000921050000000001520660005000000000031934
08200031000000000000000921180000000001297520005000000000027248
08200036000000000000000112570000000002585950005000000000054305
08200031000000000000000920930000000001016530005000000000021347
08200030000000000000001059700000000000975210005000000000020479
08100033000000000000000004880000000003256200005000000000068380
08200031000000000000000921060000000000809090005000000000016991
08200036000000000000000112580000000000627270005000000000013173
08200031000000000000000920940000000000652890005000000000013711
08200030000000000000001059710000000000818180005000000000017182
08200031000000000000000921070000000000735540005000000000015446
08200036000000000000000112590000000000355370005000000000007463
08200031000000000000000920950000000000818180005000000000017182
08200030000000000000001059720000000000243800005000000000005120
08200031000000000000000921080000000000413220005000000000008678
08200036000000000000000112600000000000528930005000000000011107
08100032000000000000000063810000000001110740005000000000023326
08200031000000000000000920960000000002380170005000000000049983
08200030000000000000001059730000000000446280005000000000009372
08200031000000000000000921090000000000570250005000000000011975
08200036000000000000000112610000000001644630005000000000034537
08200033000000000000000145620000000001644630005000000000034537
08200031000000000000000920970000000000404960005000000000008504
08200030000000000000001059740000000001636360005000000000034364
08200031000000000000000921100000000000404960005000000000008504
08200033000000000000000145630000000001066120005000000000022388
08200031000000000000000920980000000000264460005000000000005554
08200031000000000000000921110000000000735540005000000000015446
08200033000000000000000145640000000003942150005000000000082785
08200031000000000000000920990000000001148760005000000000024124
08200031000000000000000921120000000001066120005000000000022388
08200033000000000000000145650000000000206610005000000000004339
08200031000000000000000921000000000000735540005000000000015446
08200031000000000000000921130000000000818180005000000000017182
08200033000000000000000145660000000000355370005000000000007463
08200031000000000000000920880000000000890000005000000000018690
08200031000000000000000921010000000001644630005000000000034537
08200030000000000000001059910000000001148760005000000000024124
08100030000000000000000014150000000000859510005000000000018050
08200031000000000000000921270000000000322310005000000000006769
08200036000000000000000112660000000000900830005000000000018917
08200031000000000000000921400000000002500000005000000000052500
08200033000000000000000145670000000003512400005000000000073760
08200031000000000000000921530000000000818180005000000000017182
08200030000000000000001059790000000007841650005000000000164675
08200030000000000000001059920000000001223140005000000000025686
08200031000000000000000921280000000000900000005000000000018900
08200036000000000000000112670000000001914790005000000000040211
08200031000000000000000921410000000002595040005000000000054496
08200033000000000000000145680000000002057850005000000000043215
08200031000000000000000921540000000000735540005000000000015446
08200030000000000000001059800000000006317360005000000000132664
08200030000000000000001059930000000000404960005000000000008504
08200031000000000000000921290000000001066120005000000000022388
08200036000000000000000112680000000002132230005000000000044777
08200031000000000000000921420000000001140500005000000000023950
08200033000000000000000145690000000000322310005000000000006769
08200031000000000000000921550000000002049590005000000000043041
08200030000000000000001059810000000000818180005000000000017182
08200031000000000000000921300000000000413220005000000000008678
08200031000000000000000921430000000003297520005000000000069248
08200033000000000000000145700000000002801650005000000000058835
08200031000000000000000921560000000000652890005000000000013711
08200030000000000000001059820000000000735540005000000000015446
08200031000000000000000921310000000000990910005000000000020809
08200031000000000000000921440000000000809090005000000000016991
08200031000000000000000921570000000000809090005000000000016991
08200030000000000000001059830000000006181820005000000000129818
08200031000000000000000921190000000001066120005000000000022388
08200031000000000000000921320000000000900830005000000000018917
08200031000000000000000921450000000001553720005000000000032628
08200030000000000000001059840000000004243800005000000000089120
08200031000000000000000921200000000000355370005000000000007463
08200031000000000000000921330000000000818180005000000000017182
08200031000000000000000921460000000000735540005000000000015446
08200030000000000000001059850000000000322310005000000000006769
08200031000000000000000921210000000001553720005000000000032628
08200031000000000000000921340000000001504130005000000000031587
08200031000000000000000921470000000000570250005000000000011975
08200030000000000000001059860000000002280170005000000000047883
08200031000000000000000921220000000000735540005000000000015446
08200031000000000000000921350000000000644630005000000000013537
08200031000000000000000921480000000001644630005000000000034537
08200030000000000000001059870000000001305790005000000000027421
08200031000000000000000921230000000005544550005000000000116435
08200036000000000000000112620000000000445450005000000000009355
08200031000000000000000921360000000000983470005000000000020653
08200031000000000000000921490000000000900830005000000000018917
08200030000000000000001059750000000002909090005000000000061091
08200030000000000000001059880000000001066120005000000000022388
08200031000000000000000921240000000002462810005000000000051719
08200036000000000000000112630000000000454550005000000000009545
08200031000000000000000921370000000005896000005000000000123816
08200031000000000000000921500000000001231400005000000000025860
08200030000000000000001059760000000000165290005000000000003471
08200030000000000000001059890000000001231400005000000000025860
08200031000000000000000921250000000000413220005000000000008678
08200036000000000000000112640000000000809090005000000000016991
08200031000000000000000921380000000000652890005000000000013711
08200031000000000000000921510000000004000000005000000000084000
08200030000000000000001059770000000001981820005000000000041618
08200030000000000000001059900000000000809090005000000000016991
08200031000000000000000921260000000003971070005000000000083393
08200036000000000000000112650000000002991740005000000000062826
08200031000000000000000921390000000000900830005000000000018917
08200031000000000000000921520000000001966940005000000000041306
08200030000000000000001059780000000000809090005000000000016991
08200031000000000000000921660000000002261160005000000000047484
08100030000000000000000014160000000001264460005000000000026554
08200031000000000000000921670000000002537190005000000000053281
08200031000000000000000921680000000001327930005000000000027887
08200030000000000000001059940000000000570250005000000000011975
08200036000000000000000112690000000000735540005000000000015446
08200031000000000000000921690000000001586780005000000000033322
08200030000000000000001059950000000001719010005000000000036099
08200036000000000000000112700000000003949090005000000000082931
08200033000000000000000145710000000001148760005000000000024124
08200031000000000000000921700000000002305790005000000000048421
08200030000000000000001059960000000001909090005000000000040091
08200033000000000000000145720000000000487600005000000000010240
08200031000000000000000921580000000000083470005000000000001753
08200030000000000000001059970000000000809090005000000000016991
08200031000000000000000921590000000001809920005000000000038008
08200031000000000000000921600000000000652890005000000000013711
08200031000000000000000921610000000001627270005000000000034173
08200031000000000000000921620000000001775210005000000000037279
08200031000000000000000921630000000003585120005000000000075288
08200031000000000000000921640000000002072730005000000000043527
08200031000000000000000921650000000000363640005000000000007636
08200031000000000000000921780000000000627270005000000000013173
08200030000000000000001060040000000005300830005000000000111317
08200036000000000000000112790000000002454550005000000000051545
08200031000000000000000921790000000000909090005000000000019091
08100031000000000000000007240000000001471080005000000000030893
08200030000000000000001060050000000000718180005000000000015082
08200031000000000000000921800000000001388430005000000000029157
08200030000000000000001060060000000001636360005000000000034364
08200031000000000000000921810000000001809090005000000000037991
08200030000000000000001060070000000001080990005000000000022701
08200031000000000000000921820000000001793390005000000000037661
08200030000000000000001060080000000000882640005000000000018536
08200031000000000000000921830000000001719010005000000000036099
08200030000000000000001060090000000002132230005000000000044777
08200036000000000000000112710000000003362810005000000000070619
08200031000000000000000921710000000001328930005000000000027907
08200031000000000000000921840000000002247110005000000000047189
08200036000000000000000112720000000000809090005000000000016991
08200033000000000000000145730000000001090910005000000000022909
08200031000000000000000921720000000001801650005000000000037835
08200031000000000000000921850000000002139670005000000000044933
08200030000000000000001059980000000000884300005000000000018570
08200036000000000000000112730000000000338840005000000000007116
11200031000000000000000000070000000001471080005000000000030893
08200033000000000000000145740000000000368180005000000000007732
08200031000000000000000921730000000000900830005000000000018917
08200030000000000000001059990000000002394210005000000000050279
08200036000000000000000112740000000000871900005000000000018310
08200033000000000000000145750000000000263640005000000000005536
08200031000000000000000921740000000001238840005000000000026016
08200030000000000000001060000000000000735540005000000000015446
08200036000000000000000112750000000001171900005000000000024610
08200031000000000000000921750000000000570250005000000000011975
08200030000000000000001060010000000000882640005000000000018536
08200036000000000000000112760000000000970910005000000000020389
08200031000000000000000921760000000000082640005000000000001736
08200030000000000000001060020000000000783470005000000000016453
08200036000000000000000112770000000000247930005000000000005207
08200031000000000000000921770000000000809090005000000000016991
08200030000000000000001060030000000000900830005000000000018917
08200036000000000000000112780000000002603310005000000000054669
08200031000000000000000921910000000001477690005000000000031031
08200030000000000000001060170000000003908260005000000000082074
08200031000000000000000921920000000000413220005000000000008678
08200030000000000000001060180000000001966940005000000000041306
08200036000000000000000112800000000001884300005000000000039570
08200031000000000000000921930000000000570250005000000000011975
08100030000000000000000014170000000001809090005000000000037991
08200030000000000000001060190000000000684300005000000000014370
08200036000000000000000112810000000000818180005000000000017182
08200031000000000000000921940000000000570250005000000000011975
08200030000000000000001060200000000000570250005000000000011975
08200031000000000000000921950000000001553720005000000000032628
08200030000000000000001060210000000000718180005000000000015082
08200031000000000000000921960000000000330580005000000000006942
08200030000000000000001060220000000001644630005000000000034537
08100033000000000000000004890000000000735540005000000000015446
08200031000000000000000921970000000001477690005000000000031031
08200030000000000000001060100000000000970910005000000000020389
08200030000000000000001060230000000000983470005000000000020653
08200030000000000000001060110000000000627270005000000000013173
08200030000000000000001060240000000000735540005000000000015446
08200031000000000000000921860000000000818180005000000000017182
08200030000000000000001060120000000000536360005000000000011264
08200030000000000000001060250000000001801650005000000000037835
08200031000000000000000921870000000000818180005000000000017182
08200030000000000000001060130000000000487600005000000000010240
08200030000000000000001060260000000001445450005000000000030355
08200033000000000000000145760000000000735540005000000000015446
08200031000000000000000921880000000001487600005000000000031240
08200030000000000000001060140000000002536360005000000000053264
08200030000000000000001060270000000003768600005000000000079140
08200033000000000000000145770000000003033060005000000000063694
08200031000000000000000921890000000000970910005000000000020389
08200030000000000000001060150000000000487600005000000000010240
08200031000000000000000921900000000000570250005000000000011975
08200030000000000000001060160000000003069010005000000000064449
11300030000000000000000002310000000000684300005000000000014370
08200031000000000000000922040000000001066120005000000000022388
08200030000000000000001060300000000000809090005000000000016991
08200033000000000000000145800000000000975210005000000000020479
08200031000000000000000922050000000001066120005000000000022388
08200030000000000000001060310000000002305790005000000000048421
08200033000000000000000145810000000000900830005000000000018917
08200031000000000000000922060000000002247110005000000000047189
08200030000000000000001060320000000000727270005000000000015273
08200033000000000000000145820000000000652890005000000000013711
08200031000000000000000922070000000000652890005000000000013711
08200030000000000000001060330000000000818180005000000000017182
08200036000000000000000112820000000000157020005000000000003298
08200033000000000000000145830000000003264460005000000000068554
08200031000000000000000922080000000000619830005000000000013017
08200030000000000000001060340000000000404960005000000000008504
08200036000000000000000112830000000000735540005000000000015446
08200033000000000000000145840000000000454550005000000000009545
08200031000000000000000922090000000010305790005000000000216421
08200030000000000000001060350000000000818180005000000000017182
08200036000000000000000112840000000002173550005000000000045645
08200033000000000000000145850000000000243800005000000000005120
08200031000000000000000922100000000000780990005000000000016401
08200030000000000000001060360000000002280990005000000000047901
08200036000000000000000112850000000000206610005000000000004339
08100033000000000000000004900000000000983470005000000000020653
08200033000000000000000145860000000001254550005000000000026345
08200031000000000000000921980000000008504130005000000000178587
08200031000000000000000922110000000000487600005000000000010240
08200030000000000000001060370000000000330580005000000000006942
08200036000000000000000112860000000004727270005000000000099273
08200031000000000000000921990000000001966940005000000000041306
08200031000000000000000922120000000001475210005000000000030979
08200030000000000000001060380000000001148760005000000000024124
08200036000000000000000112870000000002545450005000000000053455
08200031000000000000000922000000000000809090005000000000016991
08200031000000000000000922130000000001057850005000000000022215
08200036000000000000000112880000000000718180005000000000015082
08200031000000000000000922010000000004727270005000000000099273
08200031000000000000000922140000000001727270005000000000036273
08200036000000000000000112890000000000809090005000000000016991
08200031000000000000000922020000000000718180005000000000015082
08200031000000000000000922150000000000900830005000000000018917
08200030000000000000001060280000000003590910005000000000075409
08200033000000000000000145780000000002057850005000000000043215
08200031000000000000000922030000000001061980005000000000022302
08200031000000000000000922160000000000181820005000000000003818
08200030000000000000001060290000000006213640005000000000130486
08200033000000000000000145790000000001173550005000000000024645
08200031000000000000000922420000000000652890005000000000013711
08200033000000000000000145920000000001644630005000000000034537
08200031000000000000000922170000000000950410005000000000019959
08200030000000000000001060430000000003289260005000000000069074
08200036000000000000000112920000000000818180005000000000017182
08200031000000000000000922300000000000454550005000000000009545
08200031000000000000000922430000000000900000005000000000018900
08200033000000000000000145930000000001066120005000000000022388
08200031000000000000000922180000000002318180005000000000048682
08200030000000000000001060440000000001223140005000000000025686
08200036000000000000000112930000000004896690005000000000102831
08200031000000000000000922310000000001066120005000000000022388
08200031000000000000000922440000000000619830005000000000013017
08200033000000000000000145940000000000945450005000000000019855
08200031000000000000000922190000000000900830005000000000018917
08200030000000000000001060450000000000487600005000000000010240
08200036000000000000000112940000000000503310005000000000010569
08200031000000000000000922320000000001288430005000000000027057
08200031000000000000000922200000000001479340005000000000031066
08200030000000000000001060460000000002127270005000000000044673
08200036000000000000000112950000000000652890005000000000013711
08200031000000000000000922330000000002719010005000000000057099
08200031000000000000000922210000000001636360005000000000034364
08200030000000000000001060470000000001479340005000000000031066
08200036000000000000000112960000000001727270005000000000036273
08200031000000000000000922340000000006163640005000000000129436
08200031000000000000000922220000000001231400005000000000025860
08200030000000000000001060480000000000330580005000000000006942
08200036000000000000000112970000000001884300005000000000039570
08200031000000000000000922350000000008701650005000000000182735
08200031000000000000000922230000000001625450005000000000034135
08200030000000000000001060490000000000735540005000000000015446
08200031000000000000000922360000000001396690005000000000029331
08200031000000000000000922240000000000818180005000000000017182
08200030000000000000001060500000000000436360005000000000009164
08200031000000000000000922370000000001618180005000000000033982
08200033000000000000000145870000000000487600005000000000010240
08200031000000000000000922250000000002329750005000000000048925
08200030000000000000001060510000000000900830005000000000018917
08200031000000000000000922380000000003363640005000000000070636
08200033000000000000000145880000000002260330005000000000047467
08200030000000000000001060390000000000350000005000000000007350
08200031000000000000000922260000000001553720005000000000032628
08200030000000000000001060520000000000454550005000000000009545
08200031000000000000000922390000000002586780005000000000054322
08200033000000000000000145890000000001981820005000000000041618
08200030000000000000001060400000000002206610005000000000046339
08200031000000000000000922270000000000735540005000000000015446
08200030000000000000001060530000000001148760005000000000024124
08200031000000000000000922400000000000975210005000000000020479
08200033000000000000000145900000000001709090005000000000035891
08200030000000000000001060410000000001181820005000000000024818
08200036000000000000000112900000000000954550005000000000020045
08200031000000000000000922280000000000322310005000000000006769
08200031000000000000000922410000000001272730005000000000026727
08200033000000000000000145910000000002867770005000000000060223
08200030000000000000001060420000000000578510005000000000012149
08200036000000000000000112910000000001057850005000000000022215
08200031000000000000000922290000000002462810005000000000051719
08200030000000000000001060550000000000239670005000000000005033
08200036000000000000000113040000000000983470005000000000020653
08200030000000000000001060680000000000861820005000000000018098
08200031000000000000000922550000000000652890005000000000013711
08100032000000000000000063870000000076730000005000000001611330
08100032000000000000000064000000000039376000005000000000826896
08200030000000000000001060560000000000900830005000000000018917
08200030000000000000001060690000000001231400005000000000025860
08200031000000000000000922560000000001090910005000000000022909
08100032000000000000000063880000000077810000005000000001634010
08200030000000000000001060570000000000206610005000000000004339
08200030000000000000001060700000000006178510005000000000129749
08200031000000000000000922570000000002263640005000000000047536
08100032000000000000000063890000000082024000005000000001722504
08200030000000000000001060580000000000388430005000000000008157
08200031000000000000000922450000000000818180005000000000017182
08200033000000000000000145950000000000479340005000000000010066
08200030000000000000001060710000000006611570005000000000138843
08200031000000000000000922580000000000619830005000000000013017
08100032000000000000000063900000000081210000005000000001705410
08200030000000000000001060590000000000809090005000000000016991
08200031000000000000000922460000000003242980005000000000068102
08200033000000000000000145960000000001553720005000000000032628
08200030000000000000001060720000000002577690005000000000054131
08200031000000000000000922590000000000818180005000000000017182
08100032000000000000000063910000000082320000005000000001728720
08200030000000000000001060600000000001636360005000000000034364
08200031000000000000000922470000000004722640005000000000099176
08200033000000000000000145970000000000884300005000000000018570
08200031000000000000000922600000000001148760005000000000024124
08100032000000000000000063920000000080822000005000000001697262
08200030000000000000001060610000000000652890005000000000013711
08200031000000000000000922480000000000818180005000000000017182
08200033000000000000000145980000000001238840005000000000026016
08100032000000000000000063930000000075405000005000000001583505
08200036000000000000000112980000000000619830005000000000013017
08200030000000000000001060620000000002057850005000000000043215
08200031000000000000000922490000000000900000005000000000018900
08200033000000000000000145990000000000652890005000000000013711
08100032000000000000000063940000000043970000005000000000923370
08200036000000000000000112990000000000735540005000000000015446
08200030000000000000001060630000000000578510005000000000012149
08200031000000000000000922500000000000570250005000000000011975
08200033000000000000000146000000000001966940005000000000041306
08100032000000000000000063820000000001694000005000000000035574
08100032000000000000000063950000000057040000005000000001197840
08200036000000000000000113000000000000809090005000000000016991
08200030000000000000001060640000000000570250005000000000011975
08200031000000000000000922510000000000330580005000000000006942
08100032000000000000000063830000000002052000005000000000043092
08100032000000000000000063960000000043500000005000000000913500
08200036000000000000000113010000000001066120005000000000022388
08200030000000000000001060650000000001066120005000000000022388
08200031000000000000000922520000000000818180005000000000017182
08100032000000000000000063840000000073186000005000000001536906
08100032000000000000000063970000000054176000005000000001137696
08200036000000000000000113020000000000735540005000000000015446
08200030000000000000001060660000000001884300005000000000039570
08200031000000000000000922530000000001305790005000000000027421
08100032000000000000000063850000000078030000005000000001638630
08100032000000000000000063980000000046190000005000000000969990
08200030000000000000001060540000000000818180005000000000017182
08200036000000000000000113030000000000818180005000000000017182
08200030000000000000001060670000000000809090005000000000016991
08200031000000000000000922540000000000487600005000000000010240
08100032000000000000000063860000000049621000005000000001042041
08100032000000000000000063990000000061095000005000000001282995
08200033000000000000000146050000000000239670005000000000005033
08200030000000000000001060810000000000289260005000000000006074
08200031000000000000000922680000000001289260005000000000027074
08200036000000000000000113050000000001066120005000000000022388
08200033000000000000000146060000000001033060005000000000021694
08200030000000000000001060820000000000487600005000000000010240
08200031000000000000000922690000000000942150005000000000019785
08200036000000000000000113060000000000983470005000000000020653
08100031000000000000000007250000000015438040005000000000324199
08200033000000000000000146070000000000436360005000000000009164
08200030000000000000001060830000000000900000005000000000018900
08200031000000000000000922700000000000735540005000000000015446
08200036000000000000000113070000000000487600005000000000010240
08200030000000000000001060840000000001071070005000000000022493
08200031000000000000000922710000000000436360005000000000009164
08200036000000000000000113080000000000818180005000000000017182
08200030000000000000001060850000000000570250005000000000011975
08200031000000000000000922720000000000735540005000000000015446
08200036000000000000000113090000000001309920005000000000027508
08200030000000000000001060730000000002062810005000000000043319
08200030000000000000001060860000000004891740005000000000102726
08200031000000000000000922730000000002201650005000000000046235
08200030000000000000001060740000000008157020005000000000171298
08200031000000000000000922610000000000684300005000000000014370
08200030000000000000001060870000000003094210005000000000064979
08200031000000000000000922740000000002350810005000000000049367
08200030000000000000001060750000000000479340005000000000010066
08200031000000000000000922620000000002066120005000000000043388
08200030000000000000001060880000000000396690005000000000008331
08200030000000000000001060760000000001066120005000000000022388
08200031000000000000000922630000000000619830005000000000013017
08200030000000000000001060890000000000818180005000000000017182
08200033000000000000000146010000000002462810005000000000051719
08200030000000000000001060770000000000842980005000000000017702
08200031000000000000000922640000000000818180005000000000017182
08200030000000000000001060900000000002702480005000000000056752
08200033000000000000000146020000000002054550005000000000043145
08200030000000000000001060780000000003354550005000000000070445
08200031000000000000000922650000000000818180005000000000017182
08200033000000000000000146030000000001471070005000000000030893
08200030000000000000001060790000000003065290005000000000064371
08200031000000000000000922660000000000900000005000000000018900
08200033000000000000000146040000000000983470005000000000020653
08200030000000000000001060800000000000206610005000000000004339
08200031000000000000000922670000000002272730005000000000047727
08200036000000000000000113170000000004033060005000000000084694
08200030000000000000001060940000000002062810005000000000043319
08200031000000000000000922810000000002049590005000000000043041
08200031000000000000000922940000000001933880005000000000040612
08200036000000000000000113180000000000342980005000000000007202
08200030000000000000001060950000000001471070005000000000030893
08200031000000000000000922820000000000652890005000000000013711
08200031000000000000000922950000000001066120005000000000022388
08100032000000000000000064010000000001176860005000000000024714
08200036000000000000000113190000000000524790005000000000011021
08200030000000000000001060960000000001801650005000000000037835
08200031000000000000000922830000000000247930005000000000005207
08200031000000000000000922960000000001080990005000000000022701
08100032000000000000000064020000000007998000005000000000167958
08200033000000000000000146080000000000206610005000000000004339
08200030000000000000001060970000000001049590005000000000022041
08200031000000000000000922840000000001231400005000000000025860
08200031000000000000000922970000000000487600005000000000010240
08200033000000000000000146090000000000735540005000000000015446
08200030000000000000001060980000000002023970005000000000042503
08200031000000000000000922850000000000570250005000000000011975
08200031000000000000000922980000000002263640005000000000047536
08200033000000000000000146100000000001801650005000000000037835
08200030000000000000001060990000000000652890005000000000013711
08200031000000000000000922860000000000900830005000000000018917
08200036000000000000000113100000000000239670005000000000005033
08200033000000000000000146110000000000487600005000000000010240
08200030000000000000001061000000000001066120005000000000022388
08200031000000000000000922870000000000979340005000000000020566
08200036000000000000000113110000000002297520005000000000048248
08200031000000000000000922750000000001066120005000000000022388
08200030000000000000001061010000000001140500005000000000023950
08200031000000000000000922880000000002380170005000000000049983
08100033000000000000000004910000000003411590005000000000071643
08200036000000000000000113120000000000983470005000000000020653
08200031000000000000000922760000000000652890005000000000013711
08200030000000000000001061020000000000575210005000000000012079
11200033000000000000000000140000000003411590005000000000071643
08200031000000000000000922890000000000818180005000000000017182
08100033000000000000000004920000000002558690005000000000053732
08200036000000000000000113130000000000082640005000000000001736
08200031000000000000000922770000000002280990005000000000047901
08200031000000000000000922900000000004814880005000000000101112
08100033000000000000000004930000000002882660005000000000060536
08200036000000000000000113140000000000495870005000000000010413
08200030000000000000001060910000000000735540005000000000015446
08200031000000000000000922780000000000132230005000000000002777
08200031000000000000000922910000000000735540005000000000015446
08100033000000000000000004940000000001765300005000000000037071
08200036000000000000000113150000000000735540005000000000015446
08200030000000000000001060920000000000652890005000000000013711
08200031000000000000000922790000000002214880005000000000046512
08200031000000000000000922920000000001066120005000000000022388
08200036000000000000000113160000000002121400005000000000044550
08200030000000000000001060930000000003014880005000000000063312
08200031000000000000000922800000000000983470005000000000020653
08200031000000000000000922930000000002057850005000000000043215
08200031000000000000000923060000000001644630005000000000034537
08200031000000000000000923190000000004694210005000000000098579
08200030000000000000001061070000000000239670005000000000005033
08200031000000000000000923070000000001231400005000000000025860
08200031000000000000000923200000000000818180005000000000017182
08200030000000000000001061080000000002057850005000000000043215
08200031000000000000000923080000000001239670005000000000026033
08200031000000000000000923210000000001231400005000000000025860
08200030000000000000001061090000000000652890005000000000013711
08200031000000000000000923090000000001727270005000000000036273
08200036000000000000000113200000000001958680005000000000041132
08200030000000000000001061100000000002804960005000000000058904
08200031000000000000000923100000000002702480005000000000056752
08200036000000000000000113210000000000404960005000000000008504
08200030000000000000001061110000000002132230005000000000044777
08200031000000000000000923110000000000818180005000000000017182
08200036000000000000000113220000000002123970005000000000044603
08200030000000000000001061120000000002206610005000000000046339
08200031000000000000000922990000000001066120005000000000022388
08200031000000000000000923120000000000206610005000000000004339
08200036000000000000000113230000000000123140005000000000002586
08200030000000000000001061130000000004950410005000000000103959
08200031000000000000000923000000000000735540005000000000015446
08200031000000000000000923130000000001033060005000000000021694
08200033000000000000000146120000000002670000005000000000056070
08200030000000000000001061140000000001735540005000000000036446
08200031000000000000000923010000000000487600005000000000010240
08200031000000000000000923140000000001388430005000000000029157
08200033000000000000000146130000000003223140005000000000067686
08200030000000000000001061150000000000900000005000000000018900
08200031000000000000000923020000000000454550005000000000009545
08200031000000000000000923150000000001768600005000000000037140
08200030000000000000001061030000000002289260005000000000048074
08200030000000000000001061160000000001297520005000000000027248
08200031000000000000000923030000000000454550005000000000009545
08200031000000000000000923160000000001231400005000000000025860
08200030000000000000001061040000000000239670005000000000005033
08200030000000000000001061170000000000990910005000000000020809
08200031000000000000000923040000000000979340005000000000020566
08200031000000000000000923170000000000487600005000000000010240
08200030000000000000001061050000000002536360005000000000053264
08200030000000000000001061180000000003743800005000000000078620
08200031000000000000000923050000000000983470005000000000020653
08200031000000000000000923180000000002272730005000000000047727
08200030000000000000001061060000000000892560005000000000018744
08200030000000000000001061190000000000809920005000000000017008
08200030000000000000001061320000000001719010005000000000036099
08200036000000000000000113300000000002132230005000000000044777
08200030000000000000001061450000000001057850005000000000022215
08200031000000000000000923320000000001396690005000000000029331
08200033000000000000000146180000000002180000005000000000045780
11300030000000000000000002320000000000239670005000000000005033
08200030000000000000001061200000000004648760005000000000097624
08200030000000000000001061330000000000239670005000000000005033
08200036000000000000000113310000000000570250005000000000011975
08200030000000000000001061460000000000239670005000000000005033
08200031000000000000000923330000000000900830005000000000018917
08200033000000000000000146190000000000148760005000000000003124
08200030000000000000001061210000000001263640005000000000026536
08200030000000000000001061340000000000603310005000000000012669
08200036000000000000000113320000000002180000005000000000045780
08200030000000000000001061470000000006059500005000000000127250
08200031000000000000000923340000000002354550005000000000049445
08200033000000000000000146200000000001801650005000000000037835
08200030000000000000001061220000000000239670005000000000005033
08200030000000000000001061350000000000719010005000000000015099
08200031000000000000000923220000000000353640005000000000007426
08200030000000000000001061480000000000239670005000000000005033
08200031000000000000000923350000000001809090005000000000037991
08200033000000000000000146210000000000239670005000000000005033
08200030000000000000001061230000000000487600005000000000010240
08200030000000000000001061360000000000818180005000000000017182
08200031000000000000000923230000000000735540005000000000015446
08200031000000000000000923360000000000900830005000000000018917
08200033000000000000000146220000000001793390005000000000037661
08200030000000000000001061240000000000619830005000000000013017
08200030000000000000001061370000000002049590005000000000043041
08200031000000000000000923240000000004601650005000000000096635
08200031000000000000000923370000000001471070005000000000030893
08200033000000000000000146230000000002537190005000000000053281
08200030000000000000001061250000000001140500005000000000023950
08200030000000000000001061380000000004221820005000000000088658
08200031000000000000000923250000000000681820005000000000014318
08200031000000000000000923380000000000706610005000000000014839
08200033000000000000000146240000000000900000005000000000018900
08200030000000000000001061260000000000527270005000000000011073
08200036000000000000000113240000000001644630005000000000034537
08200030000000000000001061390000000001263640005000000000026536
08200031000000000000000923260000000001033060005000000000021694
08200031000000000000000923390000000000388430005000000000008157
08200033000000000000000146250000000003495870005000000000073413
08200030000000000000001061270000000001126360005000000000023654
08200036000000000000000113250000000000974380005000000000020462
08200030000000000000001061400000000000570250005000000000011975
08200031000000000000000923270000000000404960005000000000008504
08200031000000000000000923400000000004160000005000000000087360
08200033000000000000000146260000000000826450005000000000017355
08200030000000000000001061280000000004300000005000000000090300
08200036000000000000000113260000000000404960005000000000008504
08200030000000000000001061410000000001033060005000000000021694
08200031000000000000000923280000000002381820005000000000050018
08200033000000000000000146140000000002519010005000000000052899
08200031000000000000000923410000000001734710005000000000036429
08200030000000000000001061290000000001041320005000000000021868
08200036000000000000000113270000000000239670005000000000005033
08200030000000000000001061420000000001024790005000000000021521
08200031000000000000000923290000000000487600005000000000010240
08200033000000000000000146150000000000479340005000000000010066
08200031000000000000000923420000000002454550005000000000051545
08200030000000000000001061300000000000735540005000000000015446
08200036000000000000000113280000000002709090005000000000056891
08200030000000000000001061430000000002946280005000000000061872
08200031000000000000000923300000000002254550005000000000047345
08200033000000000000000146160000000000990910005000000000020809
08200031000000000000000923430000000000718180005000000000015082
08200030000000000000001061310000000001685950005000000000035405
08200036000000000000000113290000000006927270005000000000145473
08200030000000000000001061440000000000419830005000000000008817
08200031000000000000000923310000000001314050005000000000027595
08200033000000000000000146170000000002578510005000000000054149
08200031000000000000000923440000000001636360005000000000034364
08100033000000000000000004960000000003115710005000000000065430
08200031000000000000000923700000000000735540005000000000015446
08200031000000000000000923830000000000735540005000000000015446
08200036000000000000000113430000000001066120005000000000022388
08200030000000000000001061580000000002471070005000000000051893
08200031000000000000000923450000000001066120005000000000022388
08200031000000000000000923580000000004917360005000000000103264
08200031000000000000000923710000000002536360005000000000053264
08200031000000000000000923840000000000809090005000000000016991
08200036000000000000000113440000000001231400005000000000025860
08200030000000000000001061590000000000818180005000000000017182
08200031000000000000000923460000000000818180005000000000017182
08200031000000000000000923590000000001239670005000000000026033
08200031000000000000000923720000000001421490005000000000029851
08200031000000000000000923850000000000900000005000000000018900
08200036000000000000000113450000000000404960005000000000008504
08200030000000000000001061600000000001314050005000000000027595
08200031000000000000000923470000000001644630005000000000034537
08200031000000000000000923600000000000652890005000000000013711
08200031000000000000000923730000000000487600005000000000010240
08100030000000000000000014180000000001359510005000000000028550
08200031000000000000000923860000000001981820005000000000041618
08200036000000000000000113330000000001066120005000000000022388
08200036000000000000000113460000000000487600005000000000010240
08200030000000000000001061610000000002390000005000000000050190
08200031000000000000000923480000000003561160005000000000074784
08200031000000000000000923610000000001400000005000000000029400
08200031000000000000000923740000000000954550005000000000020045
08200031000000000000000923870000000001223140005000000000025686
08200036000000000000000113340000000000818180005000000000017182
08200030000000000000001061490000000000652890005000000000013711
08200036000000000000000113470000000001884300005000000000039570
08200030000000000000001061620000000002214880005000000000046512
08200031000000000000000923490000000001172730005000000000024627
08200031000000000000000923620000000002957850005000000000062115
08200031000000000000000923750000000001066120005000000000022388
08200031000000000000000923880000000001801650005000000000037835
08200036000000000000000113350000000000239670005000000000005033
08200030000000000000001061500000000000536360005000000000011264
08200036000000000000000113480000000000900830005000000000018917
08200030000000000000001061630000000000818180005000000000017182
08200031000000000000000923500000000001148760005000000000024124
08200031000000000000000923630000000000257020005000000000005398
08200031000000000000000923760000000002297520005000000000048248
08200031000000000000000923890000000000454550005000000000009545
08200036000000000000000113360000000000990910005000000000020809
08200030000000000000001061510000000004536360005000000000095264
08200036000000000000000113490000000000404960005000000000008504
08200030000000000000001061640000000000735540005000000000015446
08200031000000000000000923510000000000388430005000000000008157
08200031000000000000000923640000000002380170005000000000049983
08200031000000000000000923770000000001057850005000000000022215
08200031000000000000000923900000000001644630005000000000034537
08200036000000000000000113370000000001388430005000000000029157
08200030000000000000001061520000000000495870005000000000010413
08200036000000000000000113500000000000818180005000000000017182
08200030000000000000001061650000000000239670005000000000005033
08200031000000000000000923520000000002128100005000000000044690
08200031000000000000000923650000000003288430005000000000069057
08200031000000000000000923780000000000652890005000000000013711
08200031000000000000000923910000000000404960005000000000008504
08200036000000000000000113380000000001454550005000000000030545
08200030000000000000001061530000000001793390005000000000037661
08200036000000000000000113510000000000818180005000000000017182
08200030000000000000001061660000000002231400005000000000046860
08200031000000000000000923530000000001471070005000000000030893
08200031000000000000000923660000000001140500005000000000023950
08200031000000000000000923790000000003851240005000000000080876
08200036000000000000000113390000000001066120005000000000022388
08200030000000000000001061540000000000355370005000000000007463
08200033000000000000000146270000000001723140005000000000036186
08200036000000000000000113520000000002471070005000000000051893
08200030000000000000001061670000000000652890005000000000013711
08200031000000000000000923540000000001801650005000000000037835
08200031000000000000000923670000000002247020005000000000047188
08200031000000000000000923800000000003354550005000000000070445
08200036000000000000000113400000000000479340005000000000010066
08200030000000000000001061550000000000600000005000000000012600
08200033000000000000000146280000000002867770005000000000060223
08200036000000000000000113530000000001231400005000000000025860
08200031000000000000000923550000000001314050005000000000027595
08200031000000000000000923680000000001719010005000000000036099
08200031000000000000000923810000000002719010005000000000057099
08200036000000000000000113410000000000818180005000000000017182
08200030000000000000001061560000000001388430005000000000029157
08200033000000000000000146290000000000818180005000000000017182
08200031000000000000000923560000000001289260005000000000027074
08100033000000000000000004950000000003561150005000000000074784
08200031000000000000000923690000000001231400005000000000025860
08200031000000000000000923820000000001966940005000000000041306
08200036000000000000000113420000000001272730005000000000026727
08200030000000000000001061570000000003223140005000000000067686
08200033000000000000000146300000000000330580005000000000006942
08200031000000000000000923570000000000975210005000000000020479
08200030000000000000001061830000000001388430005000000000029157
08200031000000000000000923960000000001644630005000000000034537
08200031000000000000000924090000000001792070005000000000037633
08200033000000000000000146310000000002537190005000000000053281
08200036000000000000000113560000000001148760005000000000024124
08200030000000000000001061710000000001254550005000000000026345
08200030000000000000001061840000000000818180005000000000017182
08200031000000000000000923970000000000322310005000000000006769
08200031000000000000000924100000000000818180005000000000017182
08200033000000000000000146320000000001636360005000000000034364
08200036000000000000000113570000000000983470005000000000020653
08200030000000000000001061720000000002380170005000000000049983
08200031000000000000000923980000000001173550005000000000024645
08200031000000000000000924110000000001066120005000000000022388
08200033000000000000000146330000000000983470005000000000020653
08200036000000000000000113580000000003694210005000000000077579
08200030000000000000001061730000000001140500005000000000023950
08200031000000000000000923990000000000882640005000000000018536
08200031000000000000000924120000000000578510005000000000012149
08200033000000000000000146340000000000239670005000000000005033
08200036000000000000000113590000000000611570005000000000012843
08200030000000000000001061740000000000735540005000000000015446
08100032000000000000000064030000000011112420005000000000233361
08100030000000000000000014190000000004979340005000000000104566
08200031000000000000000924000000000003264460005000000000068554
08200031000000000000000924130000000000322310005000000000006769
08200033000000000000000146350000000001438020005000000000030198
08200036000000000000000113600000000000652890005000000000013711
08200030000000000000001061750000000001066120005000000000022388
08200031000000000000000924010000000000882640005000000000018536
08200031000000000000000924140000000000818180005000000000017182
08200036000000000000000113610000000000818180005000000000017182
08200030000000000000001061760000000000404960005000000000008504
08200031000000000000000924020000000000818180005000000000017182
08200031000000000000000924150000000002975210005000000000062479
08200036000000000000000113620000000000066120005000000000001388
08200030000000000000001061770000000002057850005000000000043215
08200031000000000000000924030000000000454550005000000000009545
08200030000000000000001061780000000000570250005000000000011975
08200031000000000000000924040000000001148760005000000000024124
08200030000000000000001061790000000001066120005000000000022388
08200031000000000000000923920000000000735540005000000000015446
08200031000000000000000924050000000003266780005000000000068602
08200030000000000000001061800000000003354550005000000000070445
08200031000000000000000923930000000001338840005000000000028116
08200031000000000000000924060000000001066120005000000000022388
08200030000000000000001061680000000000239670005000000000005033
08200030000000000000001061810000000000719010005000000000015099
08200031000000000000000923940000000000735540005000000000015446
08200031000000000000000924070000000002946280005000000000061872
08200036000000000000000113540000000000570250005000000000011975
08200030000000000000001061690000000000570250005000000000011975
08200030000000000000001061820000000000479340005000000000010066
08200031000000000000000923950000000000652890005000000000013711
08200031000000000000000924080000000001231400005000000000025860
08200036000000000000000113550000000000570250005000000000011975
08200030000000000000001061700000000000541320005000000000011368
08200031000000000000000924340000000002280990005000000000047901
08200036000000000000000113680000000004950410005000000000103959
08200031000000000000000924220000000000809090005000000000016991
08200036000000000000000113690000000001447930005000000000030407
08200031000000000000000924230000000000735540005000000000015446
08200036000000000000000113700000000000628100005000000000013190
08200031000000000000000924240000000001636360005000000000034364
08100031000000000000000007260000000000487600005000000000010240
08200036000000000000000113710000000000243800005000000000005120
08200031000000000000000924250000000000818180005000000000017182
08200036000000000000000113720000000000330580005000000000006942
08200031000000000000000924260000000001520660005000000000031934
08100032000000000000000064040000000001309090005000000000027491
08200033000000000000000146360000000001479340005000000000031066
08200031000000000000000924270000000000454550005000000000009545
08100032000000000000000064050000000006171500005000000000129602
08200033000000000000000146370000000001801650005000000000037835
08200031000000000000000924280000000000818180005000000000017182
08100032000000000000000064060000000081970000005000000001721370
08200032000000000000000008210000000000239670005000000000005033
08200031000000000000000924160000000000818180005000000000017182
08200033000000000000000146380000000000814050005000000000017095
08200031000000000000000924290000000000818180005000000000017182
08200036000000000000000113630000000000818180005000000000017182
08100032000000000000000064070000000068750000005000000001443750
08200032000000000000000008220000000000239670005000000000005033
08200031000000000000000924170000000000890000005000000000018690
08200033000000000000000146390000000000990910005000000000020809
08200031000000000000000924300000000001892560005000000000039744
08200036000000000000000113640000000001553720005000000000032628
08100032000000000000000064080000000037103600005000000000779176
08200031000000000000000924180000000001449920005000000000030448
08200033000000000000000146400000000003974380005000000000083462
08200031000000000000000924310000000000487600005000000000010240
08200036000000000000000113650000000000500000005000000000010500
08100032000000000000000064090000000046591200005000000000978415
08200031000000000000000924190000000000652890005000000000013711
11300033000000000000000001050000000003974380005000000000083462
08200033000000000000000146410000000000371900005000000000007810
08200031000000000000000924320000000002132230005000000000044777
08200036000000000000000113660000000000900830005000000000018917
08100032000000000000000064100000000026605000005000000000558705
08200031000000000000000924200000000000709090005000000000014891
08200031000000000000000924330000000000652890005000000000013711
08200036000000000000000113670000000000735540005000000000015446
08200031000000000000000924210000000000652890005000000000013711
