01100002000000000000000000070000000004164350005000000000072275
011000000000000000000000null0000000004074850005000000000070721
011000020000000000000000null0000000001364800005000000000023687
00100002000000000000000000490000000000045900005000000000000963
00100002000000000000000000480000000000095040005000000000001996
001000020000000000000000null0000000000045900005000000000000963
00600002000000000000000000820000000000045460005000000000000954
00100002000000000000000000470000000000099170005000000000002083
00600002000000000000000000810000000000111570005000000000002343
00600002000000000000000000900000000000380160005000000000007984
00600002000000000000000000890000000000268590005000000000005641
00600002000000000000000000880000000000301650005000000000006335
