08200002000000000000000360940000000000458680005000000000009632
08200002000000000000000360950000000000079770005000000000001675
08200002000000000000000360960000000000191320005000000000004018
08200002000000000000000360970000000000344790005000000000007241
08200002000000000000000360980000000000186360005000000000003914
08200002000000000000000360860000000000204960005000000000004304
08200002000000000000000360990000000000559330005000000000011746
08200002000000000000000360870000000000173140005000000000003636
08200002000000000000000361000000000000641740005000000000013476
08200002000000000000000360880000000000449750005000000000009445
08200002000000000000000361010000000000205740005000000000004321
08200002000000000000000360890000000000292980005000000000006152
08200002000000000000000361020000000000634710005000000000013329
08200002000000000000000360900000000000966940005000000000020306
08200002000000000000000361030000000000382910005000000000008041
08200002000000000000000360910000000000224380005000000000004712
08200002000000000000000360920000000000126450005000000000002655
08200002000000000000000360930000000000387600005000000000008140
08200002000000000000000361060000000000057020005000000000001198
08200002000000000000000361190000000000268600005000000000005640
08200002000000000000000361320000000000264050005000000000005545
08200002000000000000000361450000000000326450005000000000006855
08200002000000000000000361580000000000123970005000000000002603
08200002000000000000000361070000000000219420005000000000004608
08200002000000000000000361200000000000137190005000000000002881
08200002000000000000000361330000000000054960005000000000001154
08200002000000000000000361460000000000074790005000000000001571
08200002000000000000000361590000000000112400005000000000002360
08200002000000000000000361080000000000088840005000000000001866
08200002000000000000000361210000000000558680005000000000011732
08200002000000000000000361340000000000137190005000000000002881
08200002000000000000000361470000000000270660005000000000005684
08200002000000000000000361090000000000265290005000000000005571
08200002000000000000000361220000000000223140005000000000004686
08200002000000000000000361350000000000078510005000000000001649
08200002000000000000000361480000000000051240005000000000001076
08200002000000000000000361100000000000196940005000000000004136
08200002000000000000000361230000000000208690005000000000004383
08200002000000000000000361360000000000070660005000000000001484
08200002000000000000000361490000000000141320005000000000002968
08200002000000000000000361110000000000402070005000000000008443
08200002000000000000000361240000000000142150005000000000002985
08200002000000000000000361370000000000500410005000000000010509
08200002000000000000000361500000000000086780005000000000001822
08200002000000000000000361120000000000045870005000000000000963
08200002000000000000000361250000000000344630005000000000007237
08200002000000000000000361380000000000088430005000000000001857
08200002000000000000000361510000000000064880005000000000001362
08200002000000000000000361130000000000890080005000000000018692
08200002000000000000000361260000000000140500005000000000002950
08200002000000000000000361390000000000407100005000000000008549
08200002000000000000000361520000000000702480005000000000014752
08200002000000000000000361140000000000176860005000000000003714
08200002000000000000000361270000000000335860005000000000007053
08200002000000000000000361400000000000166530005000000000003497
08200002000000000000000361530000000000045450005000000000000955
08200002000000000000000361150000000000184710005000000000003879
08200002000000000000000361280000000000050410005000000000001059
08200002000000000000000361410000000000111570005000000000002343
08200002000000000000000361540000000000024790005000000000000521
08200002000000000000000361160000000000246690005000000000005181
08200002000000000000000361290000000000238430005000000000005007
08200002000000000000000361420000000000600410005000000000012609
08200002000000000000000361550000000000079340005000000000001666
08200002000000000000000361040000000000063640005000000000001336
08200002000000000000000361170000000000588430005000000000012357
08200002000000000000000361300000000000116530005000000000002447
08200002000000000000000361430000000000039670005000000000000833
08200002000000000000000361560000000000087600005000000000001840
08200002000000000000000361050000000000045450005000000000000955
08200002000000000000000361180000000000300830005000000000006317
08200002000000000000000361310000000000245450005000000000005155
08200002000000000000000361440000000000107440005000000000002256
08200002000000000000000361570000000000158680005000000000003332
08200002000000000000000361700000000001697280005000000000035643
08200002000000000000000361600000000000343800005000000000007220
08200002000000000000000361610000000000620360005000000000013028
08200002000000000000000361620000000000403520005000000000008474
08200002000000000000000361630000000001171900005000000000024610
08200002000000000000000361640000000000750000005000000000015750
08200002000000000000000361650000000000090290005000000000001896
08200002000000000000000361660000000000202480005000000000004252
08200002000000000000000361670000000000123550005000000000002595
08200002000000000000000361680000000000697910005000000000014656
08200002000000000000000361690000000000338430005000000000007107
08200002000000000000000361830000000000369420005000000000007758
08200002000000000000000361960000000000313020005000000000006573
08200002000000000000000361710000000000132640005000000000002786
08200002000000000000000361840000000000219010005000000000004599
08200002000000000000000361970000000000077020005000000000001618
08200002000000000000000361720000000000041320005000000000000868
08200002000000000000000361850000000000165290005000000000003471
08200002000000000000000361980000000000161160005000000000003384
08200002000000000000000361730000000000294210005000000000006179
08200002000000000000000361860000000000411980005000000000008652
08200002000000000000000361740000000000372730005000000000007827
08200002000000000000000361870000000000284300005000000000005970
08200002000000000000000361750000000000070250005000000000001475
08200002000000000000000361880000000000138840005000000000002916
08200002000000000000000361760000000000418850005000000000008796
08200002000000000000000361890000000000180580005000000000003792
08200002000000000000000361770000000000289260005000000000006074
08200002000000000000000361900000000000144210005000000000003029
08200002000000000000000361780000000000142980005000000000003002
08200002000000000000000361910000000000609500005000000000012800
08200002000000000000000361790000000000286980005000000000006027
08200002000000000000000361920000000000300410005000000000006309
08200002000000000000000361800000000000168600005000000000003540
08200002000000000000000361930000000000201650005000000000004235
08200002000000000000000361810000000000373910005000000000007852
08200002000000000000000361940000000000142150005000000000002985
08200002000000000000000361820000000000722210005000000000015166
08200002000000000000000361950000000000365700005000000000007680
08200002000000000000000362090000000000097520005000000000002048
08200002000000000000000362100000000000064880005000000000001362
08200002000000000000000362110000000000350830005000000000007367
08200002000000000000000361990000000000287600005000000000006040
08200002000000000000000362120000000000183060005000000000003844
08200002000000000000000362000000000000204960005000000000004304
08200002000000000000000362130000000000092980005000000000001952
08200002000000000000000362010000000000158260005000000000003324
08200002000000000000000362140000000000057440005000000000001206
08200002000000000000000362020000000000552500005000000000011602
08200002000000000000000362150000000000128930005000000000002707
08200002000000000000000362030000000000195040005000000000004096
08200002000000000000000362160000000000123970005000000000002603
08200002000000000000000362040000000000280640005000000000005893
08200002000000000000000362170000000000185650005000000000003899
08200002000000000000000362050000000000268600005000000000005640
08200002000000000000000362180000000000176030005000000000003697
08200002000000000000000362060000000000078930005000000000001657
08200002000000000000000362190000000000049590005000000000001041
08200002000000000000000362070000000000359090005000000000007541
08200002000000000000000362200000000000367770005000000000007723
08200002000000000000000362080000000000326860005000000000006864
08200002000000000000000362210000000000398850005000000000008376
08200002000000000000000362340000000000575210005000000000012079
08200002000000000000000362220000000000270250005000000000005675
08200002000000000000000362350000000000140500005000000000002950
08200002000000000000000362230000000000359920005000000000007558
08200002000000000000000362360000000000033060005000000000000694
08200002000000000000000362240000000000079340005000000000001666
08200002000000000000000362370000000000047520005000000000000998
08200002000000000000000362250000000000094210005000000000001979
08200002000000000000000362380000000000333880005000000000007012
08200002000000000000000362260000000000523210005000000000010988
08200002000000000000000362390000000000231400005000000000004860
08200002000000000000000362270000000000464370005000000000009752
08200002000000000000000362400000000000874470005000000000018364
08200002000000000000000362280000000000230580005000000000004842
08200002000000000000000362410000000000147110005000000000003089
08200002000000000000000362290000000000159300005000000000003345
08200002000000000000000362420000000000819740005000000000017215
08200002000000000000000362300000000000107110005000000000002249
08200002000000000000000362430000000000557850005000000000011715
08100002000000000000000362310000000001014880005000000000021312
08200002000000000000000362440000000000890080005000000000018692
08200002000000000000000362320000000000454550005000000000009545
08200002000000000000000362330000000000735540005000000000015446
08200002000000000000000362470000000000069420005000000000001458
08200002000000000000000362600000000000700830005000000000014717
08200002000000000000000362480000000000414050005000000000008695
08200002000000000000000362610000000000603720005000000000012678
08200002000000000000000362490000000000230170005000000000004833
08200002000000000000000362620000000000180170005000000000003783
08200002000000000000000362500000000000210740005000000000004426
08200002000000000000000362630000000000174380005000000000003662
08200002000000000000000362510000000000214050005000000000004495
08200002000000000000000362640000000000230170005000000000004833
08200002000000000000000362520000000000387410005000000000008136
08200002000000000000000362650000000000590080005000000000012392
08200002000000000000000362530000000000169010005000000000003549
08200002000000000000000362660000000000201650005000000000004235
08200002000000000000000362540000000000623970005000000000013103
08200002000000000000000362670000000000512490005000000000010762
08200002000000000000000362550000000000247930005000000000005207
08200002000000000000000362680000000000897520005000000000018848
08200002000000000000000362560000000000251240005000000000005276
08200002000000000000000362570000000000671070005000000000014093
08200002000000000000000362450000000000244630005000000000005137
08200002000000000000000362580000000000045450005000000000000955
08200002000000000000000362460000000000644210005000000000013529
08200002000000000000000362590000000000253310005000000000005319
08200002000000000000000362730000000000312810005000000000006569
08200002000000000000000362740000000000088840005000000000001866
08200002000000000000000362750000000000120250005000000000002525
08200002000000000000000362760000000000223140005000000000004686
08200002000000000000000362770000000000363640005000000000007636
08200002000000000000000362780000000000315700005000000000006630
08200002000000000000000362790000000000257020005000000000005398
08200002000000000000000362800000000000219080005000000000004601
08200002000000000000000362810000000000276030005000000000005797
08200002000000000000000362690000000000594210005000000000012479
08200002000000000000000362820000000000128930005000000000002707
08200002000000000000000362700000000000157020005000000000003298
08200002000000000000000362830000000000495870005000000000010413
08200002000000000000000362710000000000471070005000000000009893
08200002000000000000000362840000000000896690005000000000018831
08200002000000000000000362720000000000447930005000000000009407
08200002000000000000000362850000000000184500005000000000003875
08200002000000000000000362980000000000642150005000000000013485
08200002000000000000000363110000000000263640005000000000005536
08200002000000000000000363240000000000106950005000000000002246
08200002000000000000000363370000000000325230005000000000006830
08200002000000000000000362860000000000454280005000000000009540
08200002000000000000000363500000000000094140005000000000001977
08200002000000000000000362990000000000373550005000000000007845
08200002000000000000000363120000000000150410005000000000003159
08200002000000000000000363250000000000534550005000000000011226
08200002000000000000000363380000000000669420005000000000014058
08200002000000000000000362870000000000433880005000000000009112
08200002000000000000000363510000000000237660005000000000004991
08200002000000000000000363000000000000161980005000000000003402
08200002000000000000000363130000000000388430005000000000008157
08200002000000000000000363260000000000276030005000000000005797
08200002000000000000000363390000000000106610005000000000002239
08200002000000000000000362880000000000304130005000000000006387
08200002000000000000000363520000000000351240005000000000007376
08200002000000000000000363010000000000145450005000000000003055
08200002000000000000000363140000000000359500005000000000007550
08200002000000000000000363270000000000114880005000000000002412
08200002000000000000000363400000000000351240005000000000007376
08200002000000000000000362890000000000140500005000000000002950
08200002000000000000000363530000000000211570005000000000004443
08200002000000000000000363020000000000138430005000000000002907
08200002000000000000000363150000000000109920005000000000002308
08200002000000000000000363280000000000427270005000000000008973
08200002000000000000000363410000000000413220005000000000008678
08200002000000000000000362900000000000444630005000000000009337
08200002000000000000000363540000000000133060005000000000002794
08200002000000000000000363030000000000496280005000000000010422
08200002000000000000000363160000000000395870005000000000008313
08200002000000000000000363290000000000193800005000000000004070
08200002000000000000000363420000000000028930005000000000000607
08200002000000000000000362910000000000106200005000000000002230
08200002000000000000000363550000000000129750005000000000002725
08200002000000000000000363040000000001301650005000000000027335
08200002000000000000000363170000000000539670005000000000011333
08200002000000000000000363300000000000771900005000000000016210
08200002000000000000000363430000000000056200005000000000001180
08200002000000000000000362920000000000429750005000000000009025
08200002000000000000000363560000000000482230005000000000010127
08200002000000000000000363050000000000518490005000000000010888
08200002000000000000000363180000000000249590005000000000005241
08200002000000000000000363310000000000345450005000000000007255
08200002000000000000000363440000000000340770005000000000007156
08200002000000000000000362930000000000435330005000000000009142
08200002000000000000000363570000000000108260005000000000002274
08200002000000000000000363060000000000169860005000000000003567
08200002000000000000000363190000000000511570005000000000010743
08200002000000000000000363320000000000351240005000000000007376
08200002000000000000000363450000000000064460005000000000001354
08200002000000000000000362940000000000324070005000000000006805
08200002000000000000000363580000000000092980005000000000001952
08200002000000000000000363070000000000066120005000000000001388
08200002000000000000000363200000000000314050005000000000006595
08200002000000000000000363330000000000090910005000000000001909
08200002000000000000000363460000000000282640005000000000005936
08200002000000000000000362950000000000256200005000000000005380
08200002000000000000000363080000000000353720005000000000007428
08200002000000000000000363210000000000354550005000000000007445
08200002000000000000000363340000000000210740005000000000004426
08200002000000000000000363470000000000097520005000000000002048
08200002000000000000000362960000000000654550005000000000013745
08200002000000000000000363090000000000097520005000000000002048
08200002000000000000000363220000000000042560005000000000000894
08200002000000000000000363350000000000088430005000000000001857
08200002000000000000000363480000000000498350005000000000010465
08200002000000000000000362970000000000280990005000000000005901
08200002000000000000000363100000000001689010005000000000035469
08200002000000000000000363230000000000075620005000000000001588
08200002000000000000000363360000000000350830005000000000007367
08200002000000000000000363490000000000725450005000000000015235
08200002000000000000000363620000000000344740005000000000007240
08200002000000000000000363630000000000753180005000000000015817
08200002000000000000000363640000000000571900005000000000012010
08200002000000000000000363650000000000410010005000000000008610
08200002000000000000000363660000000000264460005000000000005554
08200002000000000000000363670000000000238430005000000000005007
08200002000000000000000363680000000000478930005000000000010057
08200002000000000000000363690000000000281330005000000000005908
08200002000000000000000363700000000000734710005000000000015429
08200002000000000000000363710000000000324380005000000000006812
08200002000000000000000363590000000000978360005000000000020546
08200002000000000000000363720000000000089260005000000000001874
08200002000000000000000363600000000000612400005000000000012860
08200002000000000000000363610000000000650410005000000000013659
08200002000000000000000363750000000000060330005000000000001267
08200002000000000000000363890000000000039260005000000000000824
08200002000000000000000364020000000000288350005000000000006055
08200002000000000000000363760000000000140910005000000000002959
08200002000000000000000363900000000000208680005000000000004382
08200002000000000000000363770000000000079270005000000000001665
08200002000000000000000363910000000000508260005000000000010674
08200002000000000000000363780000000000081400005000000000001710
08200002000000000000000363920000000000584790005000000000012281
08200002000000000000000363790000000000245870005000000000005163
08200002000000000000000363930000000000287600005000000000006040
08200002000000000000000363800000000000466940005000000000009806
08200002000000000000000363940000000000083060005000000000001744
08200002000000000000000363810000000000183470005000000000003853
08200002000000000000000363950000000000024790005000000000000521
08200002000000000000000363820000000000194020005000000000004074
08200002000000000000000363960000000000603310005000000000012669
08200002000000000000000363830000000000077270005000000000001623
08200002000000000000000363970000000000247930005000000000005207
08200002000000000000000363840000000001095870005000000000023013
08200002000000000000000363980000000000227270005000000000004773
08200002000000000000000363860000000000685950005000000000014405
08200002000000000000000363990000000000306610005000000000006439
08200002000000000000000363730000000001100000005000000000023100
08200002000000000000000363870000000000272730005000000000005727
08200002000000000000000364000000000000024790005000000000000521
08200002000000000000000363740000000000421490005000000000008851
08200002000000000000000363880000000000323060005000000000006784
08200002000000000000000364010000000000482640005000000000010136
08200002000000000000000364150000000000638840005000000000013416
08200002000000000000000364030000000000106200005000000000002230
08200002000000000000000364160000000000106610005000000000002239
08200002000000000000000364040000000000323970005000000000006803
08200002000000000000000364170000000000081200005000000000001705
08200002000000000000000364050000000000209090005000000000004391
08200002000000000000000364180000000000211570005000000000004443
08200002000000000000000364060000000000134710005000000000002829
08200002000000000000000364190000000000058680005000000000001232
08200002000000000000000364070000000000109500005000000000002300
08200002000000000000000364200000000000295040005000000000006196
08200002000000000000000364080000000000157020005000000000003298
08200002000000000000000364210000000000345080005000000000007247
08200002000000000000000364090000000000043390005000000000000911
08200002000000000000000364230000000000455370005000000000009563
08200002000000000000000364100000000000051450005000000000001080
08200002000000000000000364250000000000086780005000000000001822
08200002000000000000000364110000000000788840005000000000016566
08200002000000000000000364120000000000533880005000000000011212
08200002000000000000000364130000000000914880005000000000019212
08200002000000000000000364140000000000308680005000000000006482
08200002000000000000000364310000000000474380005000000000009962
08200002000000000000000364440000000000204960005000000000004304
08200002000000000000000364320000000000453720005000000000009528
08200002000000000000000364450000000000236780005000000000004972
08200002000000000000000364330000000000200830005000000000004217
08200002000000000000000364340000000000177690005000000000003731
08200002000000000000000364350000000000406310005000000000008533
08200002000000000000000364360000000000722280005000000000015168
08200002000000000000000364370000000000392430005000000000008241
08200002000000000000000364380000000000315700005000000000006630
08200002000000000000000364390000000000783470005000000000016453
08200002000000000000000364400000000000162400005000000000003410
08200002000000000000000364280000000000095870005000000000002013
08200002000000000000000364410000000000561980005000000000011802
08200002000000000000000364290000000000362570005000000000007614
08200002000000000000000364420000000000496400005000000000010424
08200002000000000000000364300000000000146690005000000000003081
08200002000000000000000364430000000000188020005000000000003948
08200002000000000000000364570000000000325620005000000000006838
08200002000000000000000364580000000000328100005000000000006890
08200002000000000000000364460000000000792560005000000000016644
08200002000000000000000364590000000000169010005000000000003549
08200002000000000000000364470000000000486780005000000000010222
08200002000000000000000364600000000000395040005000000000008296
08200002000000000000000364480000000000396690005000000000008331
08200002000000000000000364610000000000456200005000000000009580
08200002000000000000000364490000000000271900005000000000005710
08200002000000000000000364620000000000338430005000000000007107
08200002000000000000000364500000000000076450005000000000001605
08200002000000000000000364630000000000552890005000000000011611
08200002000000000000000364510000000000161980005000000000003402
08200002000000000000000364640000000000657020005000000000013798
08200002000000000000000364520000000000650410005000000000013659
08200002000000000000000364650000000000231820005000000000004868
08200002000000000000000364530000000000332230005000000000006977
08100002000000000000000364660000000001404960005000000000029504
08200002000000000000000364540000000000409920005000000000008608
08200002000000000000000364670000000000384300005000000000008070
08200002000000000000000364550000000000261570005000000000005493
08200002000000000000000364680000000000570660005000000000011984
08200002000000000000000364560000000000750410005000000000015759
08200002000000000000000364960000000000242150005000000000005085
08200002000000000000000364700000000000120250005000000000002525
08200002000000000000000364840000000000259440005000000000005448
08200002000000000000000364710000000000071490005000000000001501
08200002000000000000000364850000000000147020005000000000003088
08200002000000000000000364720000000000403310005000000000008469
08200002000000000000000364860000000000421900005000000000008860
08200002000000000000000364730000000000702480005000000000014752
08200002000000000000000364870000000000831490005000000000017461
08200002000000000000000364740000000000357110005000000000007499
08200002000000000000000364880000000000714880005000000000015012
08200002000000000000000364750000000000505370005000000000010613
08200002000000000000000364890000000000148760005000000000003124
08200002000000000000000364760000000000079750005000000000001675
08200002000000000000000364900000000000049590005000000000001041
08200002000000000000000364770000000000166120005000000000003488
08200002000000000000000364910000000000645040005000000000013546
08200002000000000000000364780000000000346690005000000000007281
08200002000000000000000364920000000000070250005000000000001475
08200002000000000000000364790000000000487600005000000000010240
08200002000000000000000364930000000000347110005000000000007289
08200002000000000000000364800000000000240080005000000000005042
08200002000000000000000364940000000000265210005000000000005569
08200002000000000000000364810000000000071900005000000000001510
08200002000000000000000364950000000000105620005000000000002218
08200002000000000000000364690000000000100000005000000000002100
08200002000000000000000364820000000000138430005000000000002907
08200002000000000000000365090000000000056200005000000000001180
08200002000000000000000365220000000000058260005000000000001224
08200002000000000000000365350000000000392560005000000000008244
08200002000000000000000365480000000000074380005000000000001562
08200002000000000000000364970000000000617770005000000000012973
08200002000000000000000365100000000000240080005000000000005042
08200002000000000000000365230000000000628100005000000000013190
08200002000000000000000365360000000000045450005000000000000955
08200002000000000000000365490000000000099170005000000000002083
08200002000000000000000364980000000000292560005000000000006144
08200002000000000000000365110000000000693000005000000000014553
08200002000000000000000365240000000000384760005000000000008080
08200002000000000000000365370000000000132230005000000000002777
08200002000000000000000365500000000000074380005000000000001562
08200002000000000000000364990000000000284300005000000000005970
08200002000000000000000365120000000000599170005000000000012583
08200002000000000000000365250000000000153720005000000000003228
08200002000000000000000365380000000000024790005000000000000521
08200002000000000000000365510000000000129750005000000000002725
08200002000000000000000365000000000000586780005000000000012322
08200002000000000000000365130000000000038840005000000000000816
08200002000000000000000365260000000000276860005000000000005814
08200002000000000000000365390000000000070870005000000000001488
08200002000000000000000365010000000000082640005000000000001736
08200002000000000000000365140000000000267770005000000000005623
08200002000000000000000365270000000000202480005000000000004252
08200002000000000000000365400000000000141320005000000000002968
08200002000000000000000365020000000000216530005000000000004547
08200002000000000000000365150000000000194630005000000000004087
08200002000000000000000365280000000000029340005000000000000616
08200002000000000000000365410000000000195040005000000000004096
08200002000000000000000365030000000000077690005000000000001631
08200002000000000000000365160000000000507640005000000000010661
08200002000000000000000365290000000000316530005000000000006647
08200002000000000000000365420000000000074380005000000000001562
08200002000000000000000365040000000000320870005000000000006738
08200002000000000000000365170000000000153720005000000000003228
08200002000000000000000365300000000000025210005000000000000529
08200002000000000000000365430000000000119010005000000000002499
08200002000000000000000365050000000000103310005000000000002169
08200002000000000000000365180000000000186780005000000000003922
08200002000000000000000365310000000000444730005000000000009339
08200002000000000000000365440000000000054550005000000000001145
08200002000000000000000365060000000000292560005000000000006144
08200002000000000000000365190000000000220250005000000000004625
08200002000000000000000365320000000000084300005000000000001770
08200002000000000000000365450000000000390910005000000000008209
08200002000000000000000365070000000000270250005000000000005675
08200002000000000000000365200000000000161980005000000000003402
08200002000000000000000365330000000000090910005000000000001909
08200002000000000000000365460000000000033470005000000000000703
08200002000000000000000365080000000000883680005000000000018557
08200002000000000000000365210000000000464460005000000000009754
08200002000000000000000365340000000000495040005000000000010396
08200002000000000000000365470000000000280580005000000000005892
08200002000000000000000365520000000000333060005000000000006994
08200002000000000000000365600000000000148760005000000000003124
08200002000000000000000365610000000000045450005000000000000955
08200002000000000000000365620000000000165290005000000000003471
08200002000000000000000365630000000000212600005000000000004465
08200002000000000000000365640000000000105790005000000000002221
08200002000000000000000365650000000000090910005000000000001909
08200002000000000000000365530000000000109920005000000000002308
08200002000000000000000365660000000000261160005000000000005484
08200002000000000000000365540000000000238020005000000000004998
08200002000000000000000365670000000000320900005000000000006739
08200002000000000000000365550000000000691090005000000000014513
08200002000000000000000365560000000000357020005000000000007498
08200002000000000000000365570000000000511160005000000000010734
08200002000000000000000365580000000000345660005000000000007259
08200002000000000000000365590000000002302480005000000000048352
08200002000000000000000365690000000000074380005000000000001562
08200002000000000000000365700000000000376860005000000000007914
08200002000000000000000365820000000000361160005000000000007584
08200002000000000000000365830000000000239670005000000000005033
08200002000000000000000365710000000000250000005000000000005250
08200002000000000000000365840000000000119830005000000000002517
08200002000000000000000365720000000000342560005000000000007194
08200002000000000000000365850000000000242980005000000000005102
08200002000000000000000365730000000000906610005000000000019039
08200002000000000000000365860000000000285950005000000000006005
08200002000000000000000365740000000000320660005000000000006734
08200002000000000000000365870000000000420660005000000000008834
08200002000000000000000365750000000000109090005000000000002291
08200002000000000000000365880000000000122310005000000000002569
08200002000000000000000365760000000000042150005000000000000885
08200002000000000000000365890000000000297310005000000000006244
08200002000000000000000365770000000000227270005000000000004773
08200002000000000000000365780000000000234920005000000000004933
08200002000000000000000365790000000000262400005000000000005510
08200002000000000000000365800000000000381820005000000000008018
08200002000000000000000365810000000000610330005000000000012817
08200002000000000000000366070000000000213020005000000000004473
08200002000000000000000365950000000000209920005000000000004408
08200002000000000000000365960000000000270740005000000000005685
08200002000000000000000365970000000000375210005000000000007879
08200002000000000000000365980000000000218600005000000000004590
08200002000000000000000365990000000000707440005000000000014856
08200002000000000000000366000000000000403310005000000000008469
08200002000000000000000366010000000000083470005000000000001753
08200002000000000000000366020000000000029750005000000000000625
08200002000000000000000365900000000000671490005000000000014101
08200002000000000000000366030000000000194630005000000000004087
08200002000000000000000365910000000000295870005000000000006213
08200002000000000000000366040000000000642980005000000000013502
08200002000000000000000365920000000000356200005000000000007480
08200002000000000000000366050000000000282640005000000000005936
08200002000000000000000365930000000000465290005000000000009771
08200002000000000000000366060000000000279550005000000000005870
08200002000000000000000365940000000000333060005000000000006994
08200002000000000000000366200000000000330990005000000000006951
08200002000000000000000366330000000000255500005000000000005365
08200002000000000000000366080000000000561980005000000000011802
08200002000000000000000366210000000000663640005000000000013936
08200002000000000000000366340000000000656360005000000000013784
08200002000000000000000366090000000000313020005000000000006573
08200002000000000000000366220000000000904130005000000000018987
08200002000000000000000366350000000000180790005000000000003796
08200002000000000000000366100000000000330490005000000000006940
08200002000000000000000366230000000000280170005000000000005883
08200002000000000000000366360000000000543800005000000000011420
08200002000000000000000366110000000000905790005000000000019021
08200002000000000000000366240000000000419830005000000000008817
08200002000000000000000366370000000000435950005000000000009155
08200002000000000000000366120000000000188430005000000000003957
08200002000000000000000366250000000000251240005000000000005276
08200002000000000000000366380000000000459500005000000000009650
08200002000000000000000366130000000000328510005000000000006899
08200002000000000000000366260000000000289260005000000000006074
08200002000000000000000366140000000000495450005000000000010405
08200002000000000000000366270000000000171070005000000000003593
08200002000000000000000366150000000000244210005000000000005129
08200002000000000000000366280000000000710740005000000000014926
08200002000000000000000366160000000000380990005000000000008001
08200002000000000000000366290000000000461980005000000000009702
08200002000000000000000366170000000000149170005000000000003133
08200002000000000000000366300000000000128100005000000000002690
08200002000000000000000366180000000000216940005000000000004556
08200002000000000000000366310000000000451240005000000000009476
08200002000000000000000366190000000000223140005000000000004686
08200002000000000000000366320000000000419830005000000000008817
08200002000000000000000366730000000000750060005000000000015751
08200002000000000000000366480000000000134300005000000000002820
08200002000000000000000366610000000000030990005000000000000651
08200002000000000000000366740000000000121070005000000000002543
08200002000000000000000366490000000000264460005000000000005554
08200002000000000000000366620000000000033880005000000000000712
08200002000000000000000366750000000000857230005000000000018002
08200002000000000000000366500000000000415700005000000000008730
08200002000000000000000366630000000000410290005000000000008616
08200002000000000000000366760000000001395810005000000000029312
08200002000000000000000366510000000000304130005000000000006387
08200002000000000000000366640000000000449590005000000000009441
08200002000000000000000366770000000000088430005000000000001857
08200002000000000000000366520000000000336360005000000000007064
08200002000000000000000366650000000000183640005000000000003856
08200002000000000000000366780000000000287600005000000000006040
08200002000000000000000366530000000000225210005000000000004729
08200002000000000000000366660000000000482230005000000000010127
08200002000000000000000366790000000000105400005000000000002213
08200002000000000000000366390000000000514050005000000000010795
08200002000000000000000366540000000000131820005000000000002768
08200002000000000000000366670000000000408680005000000000008582
08200002000000000000000366400000000000270250005000000000005675
08200002000000000000000366550000000000480170005000000000010083
08200002000000000000000366680000000000408260005000000000008574
08200002000000000000000366410000000000236360005000000000004964
08200002000000000000000366560000000000261160005000000000005484
08200002000000000000000366690000000000231400005000000000004860
08200002000000000000000366420000000000242150005000000000005085
08200002000000000000000366570000000000287600005000000000006040
08200002000000000000000366700000000000264380005000000000005552
08200002000000000000000366430000000000291900005000000000006130
08200002000000000000000366580000000000303930005000000000006382
08200002000000000000000366710000000000296070005000000000006218
08200002000000000000000366440000000000238020005000000000004998
08200002000000000000000366590000000000139670005000000000002933
08200002000000000000000366720000000000300000005000000000006300
08200002000000000000000366470000000000230580005000000000004842
08200002000000000000000366600000000000248350005000000000005215
08200002000000000000000367370000000000351240005000000000007376
08200002000000000000000366860000000000140500005000000000002950
08200002000000000000000366990000000000438600005000000000009210
08200002000000000000000367120000000000097520005000000000002048
08200002000000000000000367250000000000065700005000000000001380
08200002000000000000000367380000000000129270005000000000002715
08200002000000000000000366870000000000218180005000000000004582
08200002000000000000000367000000000000431820005000000000009068
08200002000000000000000367130000000000304550005000000000006395
08200002000000000000000367260000000000109090005000000000002291
08200002000000000000000366880000000000193390005000000000004061
08200002000000000000000367010000000000048140005000000000001011
08200002000000000000000367140000000000326860005000000000006864
08200002000000000000000367270000000000840030005000000000017641
08200002000000000000000366890000000000335540005000000000007046
08200002000000000000000367020000000000027270005000000000000573
08200002000000000000000367150000000000063640005000000000001336
08200002000000000000000367280000000000207440005000000000004356
08200002000000000000000366900000000000080170005000000000001683
08200002000000000000000367030000000000285120005000000000005988
08200002000000000000000367160000000000033060005000000000000694
08200002000000000000000367290000000000173550005000000000003645
08200002000000000000000366910000000000110330005000000000002317
08200002000000000000000367040000000000351240005000000000007376
08200002000000000000000367170000000000223140005000000000004686
08200002000000000000000367300000000000104130005000000000002187
08200002000000000000000366920000000000429750005000000000009025
08200002000000000000000367050000000000446280005000000000009372
08200002000000000000000367180000000000164050005000000000003445
08200002000000000000000367310000000000165290005000000000003471
08200002000000000000000366800000000001484500005000000000031174
08200002000000000000000366930000000000693390005000000000014561
08200002000000000000000367060000000000238020005000000000004998
08200002000000000000000367190000000000052890005000000000001111
08200002000000000000000367320000000000214670005000000000004508
08200002000000000000000366810000000000152890005000000000003211
08200002000000000000000366940000000000408260005000000000008574
08200002000000000000000367070000000000304130005000000000006387
08200002000000000000000367200000000000718180005000000000015082
08200002000000000000000367330000000003502910005000000000073561
08200002000000000000000366820000000000491120005000000000010313
08200002000000000000000366950000000000100830005000000000002117
08200002000000000000000367080000000000489850005000000000010287
08200002000000000000000367210000000000161160005000000000003384
08200002000000000000000367340000000000441020005000000000009262
08200002000000000000000366830000000000112400005000000000002360
08200002000000000000000366960000000000178100005000000000003740
08200002000000000000000367090000000000138840005000000000002916
08200002000000000000000367220000000000238020005000000000004998
08200002000000000000000367350000000000138020005000000000002898
08200002000000000000000366840000000000495210005000000000010399
08200002000000000000000366970000000000133060005000000000002794
08200002000000000000000367100000000000128100005000000000002690
08200002000000000000000367230000000000957020005000000000020098
08200002000000000000000367360000000000225210005000000000004729
08200002000000000000000366850000000000900830005000000000018917
08200002000000000000000366980000000000652070005000000000013693
08200002000000000000000367110000000000362810005000000000007619
08200002000000000000000367240000000000025210005000000000000529
08200002000000000000000367500000000000421490005000000000008851
08200002000000000000000367630000000000376860005000000000007914
08200002000000000000000367510000000000497190005000000000010441
08200002000000000000000367390000000000134920005000000000002833
08200002000000000000000367520000000000379340005000000000007966
08200002000000000000000367400000000000246280005000000000005172
08200002000000000000000367530000000000175210005000000000003679
08200002000000000000000367410000000000505790005000000000010621
08200002000000000000000367540000000000190910005000000000004009
08200002000000000000000367420000000000314460005000000000006604
08200002000000000000000367550000000000166120005000000000003488
08200002000000000000000367430000000000365170005000000000007668
08200002000000000000000367560000000000681820005000000000014318
08200002000000000000000367440000000000451650005000000000009485
08200002000000000000000367570000000000266120005000000000005588
08200002000000000000000367450000000000822310005000000000017269
08200002000000000000000367580000000000228930005000000000004807
08200002000000000000000367460000000000348350005000000000007315
08200002000000000000000367590000000000289670005000000000006083
08200002000000000000000367470000000000318180005000000000006682
08200002000000000000000367600000000000068600005000000000001440
08200002000000000000000367480000000000421490005000000000008851
08200002000000000000000367610000000000085950005000000000001805
08200002000000000000000367490000000000295450005000000000006205
08200002000000000000000367620000000000089670005000000000001883
08200002000000000000000367760000000000392560005000000000008244
08200002000000000000000367890000000000402480005000000000008452
08200002000000000000000367640000000000603310005000000000012669
08200002000000000000000367770000000000086780005000000000001822
08200002000000000000000367900000000000769010005000000000016149
08200002000000000000000367650000000000323970005000000000006803
08200002000000000000000367780000000000482640005000000000010136
08200002000000000000000367910000000000492560005000000000010344
08200002000000000000000367660000000000140080005000000000002942
08200002000000000000000367790000000000190080005000000000003992
08200002000000000000000367920000000000157020005000000000003298
08200002000000000000000367670000000000376860005000000000007914
08200002000000000000000367800000000000082640005000000000001736
08200002000000000000000367930000000000092150005000000000001935
08200002000000000000000367680000000000495870005000000000010413
08200002000000000000000367810000000000089260005000000000001874
08200002000000000000000367940000000000427270005000000000008973
08200002000000000000000367690000000000259500005000000000005450
08200002000000000000000367820000000000198140005000000000004161
08200002000000000000000367950000000000195040005000000000004096
08200002000000000000000367700000000000190500005000000000004000
08200002000000000000000367830000000000044630005000000000000937
08200002000000000000000367960000000000120660005000000000002534
08200002000000000000000367710000000000056200005000000000001180
08200002000000000000000367840000000000076030005000000000001597
08200002000000000000000367970000000000068600005000000000001440
08200002000000000000000367720000000000193390005000000000004061
08200002000000000000000367850000000000182640005000000000003836
08200002000000000000000367980000000000092770005000000000001948
08200002000000000000000367730000000000768600005000000000016140
08200002000000000000000367860000000000118600005000000000002490
08200002000000000000000367990000000000537730005000000000011292
08200002000000000000000367740000000000190080005000000000003992
08200002000000000000000367870000000000213220005000000000004478
08200002000000000000000367750000000000292560005000000000006144
08200002000000000000000367880000000000230580005000000000004842
08200002000000000000000368010000000000466120005000000000009788
08200002000000000000000368140000000000394210005000000000008279
08200002000000000000000368020000000000202480005000000000004252
08200002000000000000000368150000000000349180005000000000007333
08200002000000000000000368030000000000604960005000000000012704
08200002000000000000000368160000000000388430005000000000008157
08200002000000000000000368040000000000266530005000000000005597
08200002000000000000000368170000000002061940005000000000043301
08200002000000000000000368050000000000690910005000000000014509
08200002000000000000000368180000000000158680005000000000003332
08200002000000000000000368060000000000244630005000000000005137
08200002000000000000000368190000000000272730005000000000005727
08200002000000000000000368070000000000325620005000000000006838
08200002000000000000000368200000000000147110005000000000003089
08200002000000000000000368080000000000163640005000000000003436
08200002000000000000000368090000000000554550005000000000011645
08200002000000000000000368100000000000070250005000000000001475
08200002000000000000000368110000000000308880005000000000006487
08200002000000000000000368120000000000204130005000000000004287
08200002000000000000000368000000000000184300005000000000003870
08200002000000000000000368130000000000525410005000000000011034
08200002000000000000000368270000000000278930005000000000005857
08200002000000000000000368400000000000152890005000000000003211
08200002000000000000000368280000000000401650005000000000008435
08200002000000000000000368410000000000330920005000000000006949
08200002000000000000000368290000000000456200005000000000009580
08200002000000000000000368420000000000681820005000000000014318
08200002000000000000000368300000000000090910005000000000001909
08200002000000000000000368430000000000452660005000000000009506
08200002000000000000000368310000000000508260005000000000010674
08200002000000000000000368320000000000393390005000000000008261
08200002000000000000000368330000000000214880005000000000004512
08200002000000000000000368210000000000114670005000000000002408
08200002000000000000000368340000000000879590005000000000018471
08200002000000000000000368220000000000195040005000000000004096
08200002000000000000000368350000000000227270005000000000004773
08200002000000000000000368230000000000115700005000000000002430
08200002000000000000000368360000000000643800005000000000013520
08200002000000000000000368240000000000381820005000000000008018
08200002000000000000000368370000000000076030005000000000001597
08200002000000000000000368250000000000252480005000000000005302
08200002000000000000000368380000000000136360005000000000002864
08200002000000000000000368260000000000380170005000000000007983
08200002000000000000000368390000000000297520005000000000006248
08200002000000000000000368650000000000142560005000000000002994
08200002000000000000000368530000000000816530005000000000017147
08200002000000000000000368540000000000151240005000000000003176
08200002000000000000000368550000000000360330005000000000007567
08200002000000000000000368560000000000309500005000000000006500
08200002000000000000000368440000000000074790005000000000001571
08200002000000000000000368570000000000652890005000000000013711
08200002000000000000000368450000000000223310005000000000004689
08200002000000000000000368580000000000298760005000000000006274
08200002000000000000000368460000000000272730005000000000005727
08200002000000000000000368590000000000373550005000000000007845
08200002000000000000000368470000000000509090005000000000010691
08200002000000000000000368600000000000163640005000000000003436
08200002000000000000000368480000000000582640005000000000012236
08200002000000000000000368610000000000362400005000000000007610
08200002000000000000000368490000000000344630005000000000007237
08200002000000000000000368620000000000219010005000000000004599
08200002000000000000000368500000000000185950005000000000003905
08200002000000000000000368630000000000336360005000000000007064
08200002000000000000000368510000000000039670005000000000000833
08200002000000000000000368640000000002315700005000000000048630
08200002000000000000000368520000000000044630005000000000000937
08200002000000000000000368780000000000190910005000000000004009
08200002000000000000000368910000000000364500005000000000007655
08200002000000000000000368660000000000402850005000000000008460
08200002000000000000000368790000000001100830005000000000023117
08200002000000000000000368920000000000312400005000000000006560
08200002000000000000000368670000000000104550005000000000002195
08200002000000000000000368800000000000815700005000000000017130
08200002000000000000000368680000000000344210005000000000007229
08200002000000000000000368810000000000632230005000000000013277
08200002000000000000000368690000000000180710005000000000003795
08200002000000000000000368820000000000393390005000000000008261
08200002000000000000000368700000000000222570005000000000004674
08200002000000000000000368830000000000212400005000000000004460
08200002000000000000000368710000000000601240005000000000012626
08200002000000000000000368840000000000625620005000000000013138
08200002000000000000000368720000000000070660005000000000001484
08200002000000000000000368850000000000181820005000000000003818
08200002000000000000000368730000000000230170005000000000004833
08200002000000000000000368860000000000219010005000000000004599
08200002000000000000000368740000000000095040005000000000001996
08200002000000000000000368870000000000252480005000000000005302
08200002000000000000000368750000000000063640005000000000001336
08200002000000000000000368880000000000285120005000000000005988
08200002000000000000000368760000000000061980005000000000001302
08200002000000000000000368890000000000328170005000000000006891
08200002000000000000000368770000000000228940005000000000004808
08200002000000000000000368900000000000188430005000000000003957
08200002000000000000000369290000000000346280005000000000007272
08200002000000000000000369420000000000206610005000000000004339
08200002000000000000000369550000000000559090005000000000011741
08200002000000000000000369680000000000351240005000000000007376
08200002000000000000000369040000000000705790005000000000014821
08200002000000000000000369170000000000060330005000000000001267
08200002000000000000000369300000000000103310005000000000002169
08200002000000000000000369430000000000134040005000000000002815
08200002000000000000000369560000000000060740005000000000001276
08200002000000000000000369690000000000093390005000000000001961
08200002000000000000000369050000000000410650005000000000008624
08200002000000000000000369180000000000343800005000000000007220
08200002000000000000000369310000000000374790005000000000007871
08200002000000000000000369440000000000049590005000000000001041
08200002000000000000000369570000000000240910005000000000005059
08200002000000000000000368930000000000506200005000000000010630
08200002000000000000000369060000000000148760005000000000003124
08200002000000000000000369190000000000645870005000000000013563
08200002000000000000000369320000000000027270005000000000000573
08200002000000000000000369450000000000114880005000000000002412
08200002000000000000000369580000000000315700005000000000006630
08200002000000000000000368940000000000132230005000000000002777
08200002000000000000000369070000000000122310005000000000002569
08200002000000000000000369200000000000658260005000000000013824
08200002000000000000000369330000000000214880005000000000004512
08200002000000000000000369460000000000236710005000000000004971
08200002000000000000000369590000000001018180005000000000021382
08200002000000000000000368950000000000596690005000000000012531
08200002000000000000000369080000000000231700005000000000004866
08200002000000000000000369210000000000073550005000000000001545
08200002000000000000000369340000000001081820005000000000022718
08200002000000000000000369470000000000929340005000000000019516
08200002000000000000000369600000000000133470005000000000002803
08200002000000000000000368960000000000354960005000000000007454
08200002000000000000000369090000000000663640005000000000013936
08200002000000000000000369220000000000333060005000000000006994
08200002000000000000000369350000000000580170005000000000012183
08200002000000000000000369480000000000014880005000000000000312
08200002000000000000000369610000000000097740005000000000002053
08200002000000000000000368970000000000838430005000000000017607
08200002000000000000000369100000000000442980005000000000009302
08200002000000000000000369230000000000152070005000000000003193
08200002000000000000000369360000000000081400005000000000001710
08200002000000000000000369490000000000482230005000000000010127
08200002000000000000000369620000000000079340005000000000001666
08200002000000000000000368980000000000150410005000000000003159
08200002000000000000000369110000000000151240005000000000003176
08200002000000000000000369240000000000074380005000000000001562
08200002000000000000000369370000000003569630005000000000074962
08200002000000000000000369500000000000549590005000000000011541
08200002000000000000000369630000000000239670005000000000005033
08200002000000000000000368990000000000280170005000000000005883
08200002000000000000000369120000000000065290005000000000001371
08200002000000000000000369250000000000351240005000000000007376
08200002000000000000000369380000000000807850005000000000016965
08200002000000000000000369510000000000562400005000000000011810
08200002000000000000000369640000000000078100005000000000001640
08200002000000000000000369000000000000214270005000000000004500
08200002000000000000000369130000000000066530005000000000001397
08200002000000000000000369260000000000327690005000000000006881
08200002000000000000000369390000000000752890005000000000015811
08200002000000000000000369520000000000759920005000000000015958
08200002000000000000000369650000000000495450005000000000010405
08200002000000000000000369010000000000473550005000000000009945
08200002000000000000000369140000000000412400005000000000008660
08200002000000000000000369270000000000074380005000000000001562
08200002000000000000000369400000000000148760005000000000003124
08200002000000000000000369530000000000122730005000000000002577
08200002000000000000000369660000000000317660005000000000006671
08200002000000000000000369020000000000147520005000000000003098
08200002000000000000000369150000000000359500005000000000007550
08200002000000000000000369280000000000521070005000000000010943
08200002000000000000000369410000000000047520005000000000000998
08200002000000000000000369540000000000089260005000000000001874
08200002000000000000000369670000000000059090005000000000001241
08200002000000000000000369030000000000111570005000000000002343
08200002000000000000000369160000000000942380005000000000019790