08200002000000000000000082550000000000178100005000000000003740
08200002000000000000000082680000000000046280005000000000000972
08200002000000000000000082810000000000676240005000000000014201
08200002000000000000000082300000000000045450005000000000000955
08200002000000000000000082430000000000458350005000000000009625
08200002000000000000000082560000000000602070005000000000012643
08200002000000000000000082690000000000015700005000000000000330
08200002000000000000000082820000000000291940005000000000006131
08200002000000000000000082310000000000080370005000000000001688
08200002000000000000000082440000000000020870005000000000000438
08200002000000000000000082570000000000142890005000000000003001
08200002000000000000000082700000000000027890005000000000000586
08200002000000000000000082830000000000033060005000000000000694
08200002000000000000000082190000000000167770005000000000003523
08200002000000000000000082320000000000404960005000000000008504
08200002000000000000000082450000000000040450005000000000000850
08200002000000000000000082580000000000213220005000000000004478
08200002000000000000000082710000000000087600005000000000001840
08200002000000000000000082840000000000619830005000000000013017
08200002000000000000000082200000000000031400005000000000000660
08200002000000000000000082330000000000454550005000000000009545
08200002000000000000000082460000000000251650005000000000005285
08200002000000000000000082590000000000102070005000000000002143
08200002000000000000000082720000000000146690005000000000003081
08200002000000000000000082850000000000020660005000000000000434
08200002000000000000000082210000000000038430005000000000000807
08200002000000000000000082340000000000016530005000000000000347
08200002000000000000000082470000000000068220005000000000001433
08200002000000000000000082600000000000024960005000000000000524
08200002000000000000000082730000000000077270005000000000001623
08200002000000000000000082860000000000586780005000000000012322
08200002000000000000000082220000000000212310005000000000004459
08200002000000000000000082350000000000152890005000000000003211
08200002000000000000000082480000000000041530005000000000000872
08200002000000000000000082610000000000182230005000000000003827
08200002000000000000000082740000000000012020005000000000000253
08200002000000000000000082870000000000099170005000000000002083
08200002000000000000000082230000000000618180005000000000012982
08200002000000000000000082360000000000670830005000000000014087
08200002000000000000000082490000000000019010005000000000000399
08200002000000000000000082620000000000796280005000000000016722
08200002000000000000000082750000000000581200005000000000012205
08200002000000000000000082240000000000023760005000000000000499
08200002000000000000000082880000000000160740005000000000003376
08200002000000000000000082370000000000053100005000000000001115
08200002000000000000000082500000000000058260005000000000001224
08200002000000000000000082630000000000059500005000000000001250
08200002000000000000000082760000000000034050005000000000000715
08200002000000000000000082250000000000794260005000000000016679
08200002000000000000000082890000000000180170005000000000003783
08200002000000000000000082380000000000127270005000000000002673
08200002000000000000000082510000000000025080005000000000000527
08200002000000000000000082640000000000058880005000000000001237
08200002000000000000000082770000000000687640005000000000014441
08200002000000000000000082260000000000292560005000000000006144
08200002000000000000000082900000000000060330005000000000001267
08200002000000000000000082390000000000247930005000000000005207
08200002000000000000000082520000000000561490005000000000011791
08200002000000000000000082650000000000035580005000000000000747
08200002000000000000000082780000000000132230005000000000002777
08200002000000000000000082270000000000424790005000000000008921
08200002000000000000000082400000000000168600005000000000003540
08200002000000000000000082530000000000055290005000000000001161
08200002000000000000000082660000000000317360005000000000006664
08200002000000000000000082790000000000089260005000000000001874
08200002000000000000000082280000000000131400005000000000002760
08200002000000000000000082410000000000759090005000000000015941
08200002000000000000000082540000000000115080005000000000002417
08200002000000000000000082670000000000117400005000000000002465
08200002000000000000000082800000000000330580005000000000006942
08200002000000000000000082290000000000456030005000000000009577
08200002000000000000000082420000000000108680005000000000002282
08200002000000000000000083190000000000180370005000000000003788
08200002000000000000000083320000000000252400005000000000005300
08200002000000000000000083450000000000586780005000000000012322
08200002000000000000000082940000000000364590005000000000007656
08200002000000000000000083580000000000092980005000000000001952
08200002000000000000000083070000000000790500005000000000016600
08200002000000000000000083200000000000052070005000000000001093
08200002000000000000000083330000000000495870005000000000010413
08200002000000000000000083460000000000289260005000000000006074
08200002000000000000000082950000000000414260005000000000008699
08200002000000000000000083080000000000588840005000000000012366
08200002000000000000000083210000000000145450005000000000003055
08200002000000000000000083340000000000181980005000000000003822
08200002000000000000000083470000000000149010005000000000003129
08200002000000000000000082960000000000129170005000000000002713
08200002000000000000000083090000000000414050005000000000008695
08200002000000000000000083220000000000071070005000000000001493
08200002000000000000000083350000000000021490005000000000000451
08200002000000000000000083480000000000023800005000000000000500
08200002000000000000000082970000000000587690005000000000012341
08200002000000000000000083100000000000345450005000000000007255
08200002000000000000000083230000000000069830005000000000001467
08200002000000000000000083360000000000073800005000000000001550
08200002000000000000000083490000000000028100005000000000000590
08200002000000000000000082980000000000046490005000000000000976
08200002000000000000000083110000000000027890005000000000000586
08200002000000000000000083240000000000181820005000000000003818
08200002000000000000000083370000000000046450005000000000000975
08200002000000000000000083500000000000086450005000000000001815
08200002000000000000000082990000000000262810005000000000005519
08200002000000000000000083120000000000200830005000000000004217
08200002000000000000000083250000000000521070005000000000010943
08200002000000000000000083380000000000091490005000000000001921
08200002000000000000000083510000000000294300005000000000006180
08200002000000000000000083000000000000342150005000000000007185
08200002000000000000000083130000000000050740005000000000001066
08200002000000000000000083260000000000067690005000000000001421
08200002000000000000000083390000000000602430005000000000012651
08200002000000000000000083520000000000033470005000000000000703
08200002000000000000000083010000000000056200005000000000001180
08200002000000000000000083140000000000343800005000000000007220
08200002000000000000000083270000000000156490005000000000003286
08200002000000000000000083400000000000363970005000000000007643
08200002000000000000000083530000000000069830005000000000001467
08200002000000000000000083020000000000172310005000000000003619
08200002000000000000000083150000000000079340005000000000001666
08200002000000000000000083280000000000731200005000000000015355
08200002000000000000000083410000000000311360005000000000006539
08200002000000000000000083540000000000265210005000000000005569
08200002000000000000000083030000000000639260005000000000013424
08200002000000000000000083160000000000133060005000000000002794
08200002000000000000000083290000000000033060005000000000000694
08200002000000000000000083420000000000512400005000000000010760
08200002000000000000000082910000000000607440005000000000012756
08200002000000000000000083550000000000075740005000000000001591
08200002000000000000000083040000000000026450005000000000000555
08200002000000000000000083170000000000041530005000000000000872
08200002000000000000000083300000000000012520005000000000000263
08200002000000000000000083430000000000025210005000000000000529
08200002000000000000000082920000000000116940005000000000002456
08200002000000000000000083560000000000122310005000000000002569
08200002000000000000000083050000000000187890005000000000003946
08200002000000000000000083180000000000398720005000000000008373
08200002000000000000000083310000000000323970005000000000006803
08200002000000000000000083440000000000143800005000000000003020
08200002000000000000000082930000000000234300005000000000004920
08200002000000000000000083570000000000016530005000000000000347
08200002000000000000000083060000000000407850005000000000008565
08200002000000000000000083830000000000094340005000000000001981
08200002000000000000000083960000000000078640005000000000001651
08200002000000000000000084090000000000157230005000000000003302
08200002000000000000000084220000000000065870005000000000001383
08200002000000000000000083710000000000050920005000000000001069
08200002000000000000000083840000000000040500005000000000000850
08200002000000000000000083970000000000014550005000000000000305
08200002000000000000000084100000000000030660005000000000000644
08200002000000000000000083590000000000158680005000000000003332
08200002000000000000000084230000000000042400005000000000000890
08200002000000000000000083720000000000213840005000000000004491
08200002000000000000000083850000000000103640005000000000002176
08200002000000000000000083980000000000028510005000000000000599
08200002000000000000000084110000000000136360005000000000002864
08200002000000000000000083600000000000048760005000000000001024
08200002000000000000000083730000000000039260005000000000000824
08200002000000000000000083860000000000463140005000000000009726
08200002000000000000000083990000000000069420005000000000001458
08200002000000000000000084120000000000105370005000000000002213
08200002000000000000000083610000000000373140005000000000007836
08200002000000000000000083740000000000257230005000000000005402
08200002000000000000000083870000000000279340005000000000005866
08200002000000000000000084000000000000030990005000000000000651
08200002000000000000000084130000000000044630005000000000000937
08200002000000000000000083620000000000132230005000000000002777
08200002000000000000000083750000000000126450005000000000002655
08200002000000000000000083880000000000223140005000000000004686
08200002000000000000000084010000000000177690005000000000003731
08200002000000000000000084140000000000082640005000000000001736
08200002000000000000000083630000000000096690005000000000002031
08200002000000000000000083760000000000161780005000000000003397
08200002000000000000000083890000000000203310005000000000004269
08200002000000000000000084020000000000132230005000000000002777
08200002000000000000000084150000000000825870005000000000017343
08200002000000000000000083640000000000042890005000000000000901
08200002000000000000000083770000000000603310005000000000012669
08200002000000000000000083900000000000519670005000000000010913
08200002000000000000000084030000000000452070005000000000009493
08200002000000000000000084160000000000190910005000000000004009
08200002000000000000000083650000000000262400005000000000005510
08200002000000000000000083780000000000044420005000000000000933
08200002000000000000000083910000000000380370005000000000007988
08200002000000000000000084040000000000424380005000000000008912
08200002000000000000000084170000000000033880005000000000000712
08200002000000000000000083660000000000025080005000000000000527
08200002000000000000000083790000000000050830005000000000001067
08200002000000000000000083920000000000115500005000000000002425
08200002000000000000000084050000000000040290005000000000000846
08200002000000000000000084180000000000408260005000000000008574
08200002000000000000000083670000000000325410005000000000006834
08200002000000000000000083800000000000043720005000000000000918
08200002000000000000000083930000000000182890005000000000003841
08200002000000000000000084060000000000355370005000000000007463
08200002000000000000000084190000000000342110005000000000007184
08200002000000000000000083680000000000393390005000000000008261
08200002000000000000000083810000000000090040005000000000001891
08200002000000000000000083940000000000036360005000000000000764
08200002000000000000000084070000000000016740005000000000000351
08200002000000000000000084200000000000172520005000000000003623
08200002000000000000000083690000000000034300005000000000000720
08200002000000000000000083820000000000134590005000000000002826
08200002000000000000000083950000000000112810005000000000002369
08200002000000000000000084080000000000026030005000000000000547
08200002000000000000000084210000000000664050005000000000013945
08200002000000000000000083700000000000432070005000000000009073
08200002000000000000000084720000000000318020005000000000006678
08200002000000000000000084470000000000045870005000000000000963
08200002000000000000000084600000000000038970005000000000000818
08200002000000000000000084350000000000605330005000000000012712
08200002000000000000000084730000000000113430005000000000002382
08200002000000000000000084480000000000453260005000000000009519
08200002000000000000000084610000000000042600005000000000000895
08200002000000000000000084360000000000108680005000000000002282
08200002000000000000000084740000000000037270005000000000000783
08200002000000000000000084490000000000132230005000000000002777
08200002000000000000000084240000000000143350005000000000003010
08200002000000000000000084620000000000014260005000000000000299
08200002000000000000000084370000000000059090005000000000001241
08200002000000000000000084750000000000191160005000000000004014
08200002000000000000000084250000000000272730005000000000005727
08200002000000000000000084500000000000216900005000000000004555
08200002000000000000000084630000000000238760005000000000005014
08200002000000000000000084380000000000423800005000000000008900
08200002000000000000000084760000000000014880005000000000000312
08200002000000000000000084260000000000075410005000000000001584
08200002000000000000000084510000000000120620005000000000002533
08200002000000000000000084640000000000123970005000000000002603
08200002000000000000000084390000000000058060005000000000001219
08200002000000000000000084770000000000024380005000000000000512
08200002000000000000000084270000000000059420005000000000001248
08200002000000000000000084520000000000109090005000000000002291
08200002000000000000000084650000000000223140005000000000004686
08200002000000000000000084400000000000016780005000000000000352
08200002000000000000000084280000000000789010005000000000016569
08200002000000000000000084530000000000050080005000000000001052
08200002000000000000000084660000000000064460005000000000001354
08200002000000000000000084410000000000580170005000000000012183
08200002000000000000000084290000000000233140005000000000004896
08200002000000000000000084540000000000189420005000000000003978
08200002000000000000000084670000000000020040005000000000000421
08200002000000000000000084420000000000107850005000000000002265
08200002000000000000000084300000000000080580005000000000001692
08200002000000000000000084550000000000114050005000000000002395
08200002000000000000000084680000000000094830005000000000001992
08200002000000000000000084430000000000282270005000000000005928
08200002000000000000000084310000000000171880005000000000003610
08200002000000000000000084560000000000258470005000000000005428
08200002000000000000000084690000000000128100005000000000002690
08200002000000000000000084440000000000079710005000000000001674
08200002000000000000000084320000000000228100005000000000004790
08200002000000000000000084570000000000100990005000000000002121
08200002000000000000000084700000000000129340005000000000002716
08200002000000000000000084450000000000121690005000000000002556
08200002000000000000000084330000000000329750005000000000006925
08200002000000000000000084580000000000129750005000000000002725
08200002000000000000000084710000000000103720005000000000002178
08200002000000000000000084460000000000044790005000000000000941
08200002000000000000000084340000000000392980005000000000008252
08200002000000000000000084590000000000202480005000000000004252
08200002000000000000000084850000000000182230005000000000003827
08200002000000000000000084980000000000078020005000000000001638
08200002000000000000000084860000000000197070005000000000004138
08200002000000000000000084990000000000062070005000000000001303
08200002000000000000000084870000000000471530005000000000009902
08200002000000000000000085000000000000031980005000000000000672
08200002000000000000000084880000000000018600005000000000000390
08200002000000000000000085010000000000055170005000000000001158
08200002000000000000000084890000000000082440005000000000001731
08200002000000000000000085020000000000103720005000000000002178
08200002000000000000000084900000000000067770005000000000001423
08200002000000000000000085030000000000027320005000000000000574
08200002000000000000000084780000000000117770005000000000002473
08200002000000000000000084910000000000030580005000000000000642
08200002000000000000000084790000000000176030005000000000003697
08200002000000000000000084920000000000018180005000000000000382
08200002000000000000000084800000000000108220005000000000002273
08200002000000000000000084930000000000069420005000000000001458
08200002000000000000000084810000000000318600005000000000006690
08200002000000000000000084940000000000180540005000000000003791
08200002000000000000000084820000000000030170005000000000000633
08200002000000000000000084950000000000078720005000000000001653
08200002000000000000000084830000000000051450005000000000001080
08100002000000000000000084960000000000557850005000000000011715
08200002000000000000000084840000000000280990005000000000005901
08200002000000000000000084970000000000098060005000000000002059
08200002000000000000000085110000000000019380005000000000000407
08200002000000000000000085240000000000279340005000000000005866
08200002000000000000000085120000000000048140005000000000001011
08200002000000000000000085250000000000071160005000000000001494
08200002000000000000000085130000000000119010005000000000002499
08200002000000000000000085260000000000093720005000000000001968
08200002000000000000000085140000000000168600005000000000003540
08200002000000000000000085270000000000148260005000000000003114
08200002000000000000000085150000000000126740005000000000002661
08200002000000000000000085280000000000138720005000000000002913
08200002000000000000000085160000000000062560005000000000001314
08200002000000000000000085290000000000040500005000000000000850
08200002000000000000000085040000000000031980005000000000000672
08200002000000000000000085170000000000014010005000000000000294
08200002000000000000000085300000000000016530005000000000000347
08200002000000000000000085050000000000096690005000000000002031
08200002000000000000000085180000000000489340005000000000010276
08200002000000000000000085310000000000084790005000000000001781
08200002000000000000000085060000000000051240005000000000001076
08200002000000000000000085190000000000005790005000000000000121
08200002000000000000000085320000000000049790005000000000001046
08200002000000000000000085070000000000065700005000000000001380
08200002000000000000000085200000000000024790005000000000000521
08200002000000000000000085330000000000319670005000000000006713
08200002000000000000000085080000000000023350005000000000000490
08200002000000000000000085210000000000230170005000000000004833
08200002000000000000000085090000000000047930005000000000001007
08200002000000000000000085220000000000112400005000000000002360
08200002000000000000000085100000000000089920005000000000001888
08200002000000000000000085230000000000042770005000000000000898
08200002000000000000000085360000000000077690005000000000001631
08200002000000000000000085490000000000158390005000000000003326
08200002000000000000000085620000000000081490005000000000001711
08200002000000000000000085370000000000061160005000000000001284
08200002000000000000000085500000000000037600005000000000000790
08200002000000000000000085630000000000027560005000000000000579
08200002000000000000000085380000000000030580005000000000000642
08200002000000000000000085510000000000049590005000000000001041
08200002000000000000000085640000000000031820005000000000000668
08200002000000000000000085390000000000064460005000000000001354
08200002000000000000000085520000000000105210005000000000002209
08200002000000000000000085650000000000076570005000000000001608
08200002000000000000000085400000000000070250005000000000001475
08200002000000000000000085530000000000249050005000000000005230
08200002000000000000000085660000000000069010005000000000001449
08200002000000000000000085410000000000024790005000000000000521
08200002000000000000000085540000000000301650005000000000006335
08200002000000000000000085670000000000049790005000000000001046
08200002000000000000000085420000000000077270005000000000001623
08200002000000000000000085550000000000071070005000000000001493
08200002000000000000000085680000000000164790005000000000003461
08200002000000000000000085430000000000083680005000000000001757
08200002000000000000000085560000000000136610005000000000002869
08200002000000000000000085690000000000092980005000000000001952
08200002000000000000000085440000000000016120005000000000000338
08200002000000000000000085570000000000043550005000000000000915
08200002000000000000000085700000000000015330005000000000000322
08200002000000000000000085450000000000138640005000000000002911
08200002000000000000000085580000000000032020005000000000000673
08200002000000000000000085710000000000094880005000000000001992
08200002000000000000000085460000000000055580005000000000001167
08200002000000000000000085590000000000040910005000000000000859
08200002000000000000000085720000000000037190005000000000000781
08200002000000000000000085340000000000084960005000000000001784
08200002000000000000000085470000000000042980005000000000000902
08200002000000000000000085600000000000030250005000000000000635
08200002000000000000000085730000000000028510005000000000000599
08200002000000000000000085350000000000027270005000000000000573
08200002000000000000000085480000000000231610005000000000004864
08200002000000000000000085610000000000018400005000000000000387
08200002000000000000000085740000000000104130005000000000002187
08200002000000000000000086000000000000076450005000000000001605
08200002000000000000000085750000000000027270005000000000000573
08200002000000000000000085880000000000081820005000000000001718
08200002000000000000000086010000000000240830005000000000005057
08200002000000000000000085760000000000100500005000000000002110
08200002000000000000000085890000000000062810005000000000001319
08200002000000000000000086020000000000091530005000000000001922
08200002000000000000000085770000000000133760005000000000002809
08200002000000000000000085900000000000101240005000000000002126
08200002000000000000000086030000000000093390005000000000001961
08200002000000000000000085780000000000044710005000000000000939
08200002000000000000000085910000000000070250005000000000001475
08200002000000000000000086040000000000071900005000000000001510
08200002000000000000000085790000000000088020005000000000001848
08200002000000000000000085920000000000031820005000000000000668
08200002000000000000000086050000000000026030005000000000000547
08200002000000000000000085800000000000096280005000000000002022
08200002000000000000000085930000000000041740005000000000000876
08200002000000000000000085810000000000188430005000000000003957
08200002000000000000000085940000000000068510005000000000001439
08200002000000000000000085820000000000181820005000000000003818
08200002000000000000000085950000000000032230005000000000000677
08200002000000000000000085830000000000286360005000000000006014
08200002000000000000000085960000000000073550005000000000001545
08200002000000000000000085840000000000053680005000000000001127
08200002000000000000000085970000000000068600005000000000001440
08200002000000000000000085850000000000050000005000000000001050
08200002000000000000000085980000000000087400005000000000001835
08200002000000000000000085860000000000047930005000000000001007
08200002000000000000000085990000000000081450005000000000001710
08200002000000000000000085870000000000073760005000000000001549
08200002000000000000000086130000000000132850005000000000002790
08200002000000000000000086260000000000174790005000000000003671
08200002000000000000000086390000000000042150005000000000000885
08200002000000000000000086140000000000061980005000000000001302
08200002000000000000000086270000000000083470005000000000001753
08200002000000000000000086400000000000103640005000000000002176
08200002000000000000000086150000000000191490005000000000004021
08200002000000000000000086280000000000078510005000000000001649
08200002000000000000000086410000000000263840005000000000005541
08200002000000000000000086160000000000023970005000000000000503
08200002000000000000000086290000000000167360005000000000003514
08200002000000000000000086420000000000180170005000000000003783
08200002000000000000000086170000000000050290005000000000001056
08200002000000000000000086300000000000238640005000000000005011
08200002000000000000000086430000000000028100005000000000000590
08200002000000000000000086180000000000086780005000000000001822
08200002000000000000000086310000000000091320005000000000001918
08200002000000000000000086440000000000024790005000000000000521
08200002000000000000000086060000000000105790005000000000002221
08200002000000000000000086190000000000023550005000000000000495
08200002000000000000000086320000000000109090005000000000002291
08200002000000000000000086450000000000209130005000000000004392
08200002000000000000000086070000000000078510005000000000001649
08200002000000000000000086200000000000078510005000000000001649
08200002000000000000000086330000000000038220005000000000000803
08200002000000000000000086460000000000151240005000000000003176
08200002000000000000000086080000000000178720005000000000003753
08200002000000000000000086210000000000314340005000000000006601
08200002000000000000000086340000000000064460005000000000001354
08200002000000000000000086470000000000047930005000000000001007
08200002000000000000000086090000000000076570005000000000001608
08200002000000000000000086220000000000029750005000000000000625
08200002000000000000000086350000000000190080005000000000003992
08200002000000000000000086480000000000169380005000000000003557
08200002000000000000000086100000000000168390005000000000003536
08200002000000000000000086230000000000097520005000000000002048
08200002000000000000000086360000000000201610005000000000004234
08200002000000000000000086490000000000287190005000000000006031
08200002000000000000000086110000000000163260005000000000003429
08200002000000000000000086240000000000088260005000000000001854
08200002000000000000000086370000000000155620005000000000003268
08200002000000000000000086500000000000173550005000000000003645
08200002000000000000000086120000000000140700005000000000002955
08200002000000000000000086250000000000226740005000000000004761
08200002000000000000000086380000000000174790005000000000003671
08200002000000000000000086510000000000066120005000000000001388
08200002000000000000000086640000000000060040005000000000001261
08200002000000000000000086770000000000032230005000000000000677
08200002000000000000000086520000000000231400005000000000004860
08200002000000000000000086650000000000038840005000000000000816
08200002000000000000000086780000000000033350005000000000000700
08200002000000000000000086530000000000181820005000000000003818
08200002000000000000000086660000000000016120005000000000000338
08200002000000000000000086790000000000063640005000000000001336
08200002000000000000000086540000000000102480005000000000002152
08200002000000000000000086670000000000040870005000000000000858
08200002000000000000000086550000000000250410005000000000005259
08200002000000000000000086680000000000038430005000000000000807
08200002000000000000000086560000000000194630005000000000004087
08200002000000000000000086690000000000096690005000000000002031
08200002000000000000000086570000000000066940005000000000001406
08200002000000000000000086700000000000085120005000000000001788
08200002000000000000000086580000000000274380005000000000005762
08200002000000000000000086710000000000128100005000000000002690
08200002000000000000000086590000000000047930005000000000001007
08200002000000000000000086720000000000039260005000000000000824
08200002000000000000000086600000000000171570005000000000003603
08200002000000000000000086730000000000144210005000000000003029
08200002000000000000000086610000000000056200005000000000001180
08200002000000000000000086740000000000156650005000000000003290
08200002000000000000000086620000000000047930005000000000001007
08200002000000000000000086750000000000066740005000000000001401
08200002000000000000000086630000000000165950005000000000003485
08200002000000000000000086760000000000130170005000000000002733
08200002000000000000000086820000000000081610005000000000001714
08200002000000000000000086980000000000056200005000000000001180
08200002000000000000000087110000000000031490005000000000000661
08200002000000000000000086830000000000025250005000000000000530
08200002000000000000000086990000000000027070005000000000000568
08200002000000000000000087120000000000084460005000000000001774
08200002000000000000000086840000000000082640005000000000001736
08200002000000000000000087000000000000049590005000000000001041
08200002000000000000000087130000000000052070005000000000001093
08200002000000000000000086850000000000079340005000000000001666
08200002000000000000000086800000000000042980005000000000000902
08200002000000000000000087010000000000157020005000000000003298
08200002000000000000000087140000000000074500005000000000001565
08200002000000000000000086860000000000061980005000000000001302
08200002000000000000000087020000000000086780005000000000001822
08200002000000000000000086870000000000050410005000000000001059
08200002000000000000000087030000000000174550005000000000003665
08200002000000000000000086880000000000122310005000000000002569
08200002000000000000000087040000000000036360005000000000000764
08200002000000000000000086890000000000018180005000000000000382
08200002000000000000000087050000000000090040005000000000001891
08200002000000000000000086900000000000082640005000000000001736
08200002000000000000000087060000000000219010005000000000004599
08200002000000000000000086910000000000104750005000000000002200
08200002000000000000000087070000000000054550005000000000001145
08200002000000000000000086920000000000049590005000000000001041
08200002000000000000000087080000000000064830005000000000001362
08200002000000000000000086950000000000240910005000000000005059
08200002000000000000000087090000000000062810005000000000001319
08200002000000000000000086810000000000194010005000000000004074
08200002000000000000000086970000000000048760005000000000001024
08200002000000000000000087100000000000039270005000000000000825
08200002000000000000000087360000000000104630005000000000002197
08200002000000000000000087490000000000073550005000000000001545
08200002000000000000000087240000000000102890005000000000002161
08200002000000000000000087370000000000060500005000000000001270
08200002000000000000000087500000000000024830005000000000000522
08200002000000000000000087250000000000058430005000000000001227
08200002000000000000000087380000000000042980005000000000000902
08200002000000000000000087510000000000086780005000000000001822
08200002000000000000000087260000000000062560005000000000001314
08200002000000000000000087390000000000070250005000000000001475
08200002000000000000000087520000000000107020005000000000002248
08200002000000000000000087270000000000503970005000000000010583
08200002000000000000000087400000000000070250005000000000001475
08200002000000000000000087530000000000048350005000000000001015
08200002000000000000000087150000000000060330005000000000001267
08200002000000000000000087280000000000030330005000000000000637
08200002000000000000000087410000000000101860005000000000002139
08200002000000000000000087540000000000108260005000000000002274
08200002000000000000000087160000000000047310005000000000000994
08200002000000000000000087290000000000082640005000000000001736
08200002000000000000000087420000000000019750005000000000000415
08200002000000000000000087550000000000040080005000000000000842
08200002000000000000000087170000000000045450005000000000000955
08200002000000000000000087300000000000233140005000000000004896
08200002000000000000000087430000000000096280005000000000002022
08200002000000000000000087180000000000061940005000000000001301
08200002000000000000000087310000000000039420005000000000000828
08200002000000000000000087440000000000064880005000000000001362
08200002000000000000000087190000000000081160005000000000001704
08200002000000000000000087320000000000047110005000000000000989
08200002000000000000000087450000000000028550005000000000000600
08200002000000000000000087200000000000036360005000000000000764
08200002000000000000000087330000000000049920005000000000001048
08200002000000000000000087460000000000061740005000000000001296
08200002000000000000000087210000000000096690005000000000002031
08200002000000000000000087340000000000045790005000000000000961
08200002000000000000000087470000000000074380005000000000001562
08200002000000000000000087220000000000047850005000000000001005
08200002000000000000000087350000000000014010005000000000000294
08200002000000000000000087480000000000037810005000000000000794
08200002000000000000000087230000000000056200005000000000001180
08200002000000000000000088000000000000156780005000000000003292
08200002000000000000000087620000000000066120005000000000001388
08200002000000000000000087750000000000062600005000000000001315
08200002000000000000000087880000000000151570005000000000003183
08200002000000000000000087630000000000053100005000000000001115
08200002000000000000000087760000000000104130005000000000002187
08200002000000000000000087890000000000084300005000000000001770
08200002000000000000000087640000000000062810005000000000001319
08200002000000000000000087770000000000019420005000000000000408
08200002000000000000000087900000000000153720005000000000003228
08200002000000000000000087650000000000087640005000000000001841
08200002000000000000000087780000000000014880005000000000000312
08200002000000000000000087910000000000254340005000000000005341
08200002000000000000000087660000000000031780005000000000000667
08200002000000000000000087790000000000099420005000000000002088
08200002000000000000000087920000000000105790005000000000002221
08200002000000000000000087670000000000026450005000000000000555
08200002000000000000000087800000000000359710005000000000007554
08200002000000000000000087930000000000191740005000000000004026
08200002000000000000000087680000000000061980005000000000001302
08200002000000000000000087810000000000032230005000000000000677
08200002000000000000000087940000000000072070005000000000001513
08200002000000000000000087560000000000033430005000000000000702
08200002000000000000000087690000000000024790005000000000000521
08200002000000000000000087820000000000064790005000000000001361
08200002000000000000000087950000000000236360005000000000004964
08200002000000000000000087570000000000044920005000000000000943
08200002000000000000000087700000000000751900005000000000015790
08200002000000000000000087830000000000092150005000000000001935
08200002000000000000000087960000000000014790005000000000000311
08200002000000000000000087580000000000040500005000000000000850
08200002000000000000000087710000000000254670005000000000005348
08200002000000000000000087840000000000164750005000000000003460
08200002000000000000000087970000000000029340005000000000000616
08200002000000000000000087590000000000019960005000000000000419
08200002000000000000000087720000000000031400005000000000000660
08200002000000000000000087850000000000210740005000000000004426
08200002000000000000000087980000000000027980005000000000000587
08200002000000000000000087600000000000107440005000000000002256
08200002000000000000000087730000000000033880005000000000000712
08200002000000000000000087860000000000031400005000000000000660
08200002000000000000000087990000000000032020005000000000000673
08200002000000000000000087610000000000047110005000000000000989
08200002000000000000000087740000000000126240005000000000002651
08200002000000000000000087870000000000097730005000000000002052
08200002000000000000000088130000000000092560005000000000001944
08200002000000000000000088260000000000075040005000000000001576
08200002000000000000000088010000000000075000005000000000001575
08200002000000000000000088140000000000066780005000000000001402
08200002000000000000000088270000000000131400005000000000002760
08200002000000000000000088020000000000096690005000000000002031
08200002000000000000000088150000000000102480005000000000002152
08200002000000000000000088280000000000085410005000000000001794
08200002000000000000000088030000000000060950005000000000001280
08200002000000000000000088160000000000065290005000000000001371
08200002000000000000000088290000000000107440005000000000002256
08200002000000000000000088040000000000280210005000000000005884
08200002000000000000000088170000000000053140005000000000001116
08200002000000000000000088300000000000061120005000000000001283
08200002000000000000000088050000000000031160005000000000000654
08200002000000000000000088180000000000105870005000000000002223
08200002000000000000000088310000000000029170005000000000000613
08200002000000000000000088060000000000059260005000000000001244
08200002000000000000000088190000000000504550005000000000010595
08200002000000000000000088320000000000291740005000000000006126
08200002000000000000000088070000000000023140005000000000000486
08200002000000000000000088200000000000133680005000000000002807
08200002000000000000000088330000000000059750005000000000001255
08200002000000000000000088080000000000102890005000000000002161
08200002000000000000000088210000000000050620005000000000001063
08200002000000000000000088340000000000042150005000000000000885
08200002000000000000000088090000000000144210005000000000003029
08200002000000000000000088220000000000054550005000000000001145
08200002000000000000000088350000000000037190005000000000000781
08200002000000000000000088100000000000125040005000000000002626
08200002000000000000000088230000000000064380005000000000001352
08200002000000000000000088360000000000185210005000000000003889
08200002000000000000000088110000000000116120005000000000002438
08200002000000000000000088240000000000103310005000000000002169
08200002000000000000000088370000000000057020005000000000001198
08200002000000000000000088120000000000044630005000000000000937
08200002000000000000000088250000000000051650005000000000001085
08200002000000000000000088640000000000426030005000000000008947
08200002000000000000000088390000000000110910005000000000002329
08200002000000000000000088520000000000010740005000000000000226
08200002000000000000000088400000000000046610005000000000000979
08200002000000000000000088530000000000082640005000000000001736
08200002000000000000000088410000000000112810005000000000002369
08200002000000000000000088540000000000500410005000000000010509
08200002000000000000000088420000000000087980005000000000001847
08200002000000000000000088550000000000032640005000000000000686
08200002000000000000000088430000000000106610005000000000002239
08200002000000000000000088560000000000167560005000000000003519
08200002000000000000000088440000000000098760005000000000002074
08200002000000000000000088570000000000308680005000000000006482
08200002000000000000000088450000000000031200005000000000000655
08200002000000000000000088580000000000231400005000000000004860
08200002000000000000000088460000000000024210005000000000000509
08200002000000000000000088590000000000450450005000000000009460
08200002000000000000000088470000000000040910005000000000000859
08200002000000000000000088600000000000210740005000000000004426
08200002000000000000000088480000000000083880005000000000001762
08200002000000000000000088610000000000191320005000000000004018
08200002000000000000000088490000000000069420005000000000001458
08200002000000000000000088620000000000110410005000000000002319
08200002000000000000000088500000000000090080005000000000001892
08200002000000000000000088630000000000364670005000000000007658
08200002000000000000000088380000000000043800005000000000000920
08200002000000000000000088510000000000045450005000000000000955
08200002000000000000000088770000000000054300005000000000001140
08200002000000000000000088650000000000031400005000000000000660
08200002000000000000000088780000000000034460005000000000000724
08200002000000000000000088660000000000060660005000000000001274
08200002000000000000000088790000000000096280005000000000002022
08200002000000000000000088670000000000020620005000000000000433
08200002000000000000000088800000000000081650005000000000001715
08200002000000000000000088680000000000052070005000000000001093
08200002000000000000000088810000000000133760005000000000002809
08200002000000000000000088690000000000099170005000000000002083
08200002000000000000000088820000000000096690005000000000002031
08200002000000000000000088700000000000107640005000000000002261
08200002000000000000000088830000000000124380005000000000002612
08200002000000000000000088710000000000073140005000000000001536
08200002000000000000000088840000000000016280005000000000000342
08200002000000000000000088720000000000099170005000000000002083
08200002000000000000000088850000000000066940005000000000001406
08200002000000000000000088730000000000079130005000000000001662
08200002000000000000000088860000000000054300005000000000001140
08200002000000000000000088740000000000044630005000000000000937
08200002000000000000000088750000000000074380005000000000001562
08200002000000000000000088760000000000074380005000000000001562
08200002000000000000000088900000000000091530005000000000001922
08200002000000000000000089150000000000247930005000000000005207
08200002000000000000000089030000000000195990005000000000004116
08200002000000000000000089280000000000108680005000000000002282
08200002000000000000000088910000000000079550005000000000001670
08200002000000000000000089160000000000054550005000000000001145
08200002000000000000000089040000000000188840005000000000003966
08200002000000000000000089290000000000123260005000000000002589
08200002000000000000000088920000000000021820005000000000000458
08200002000000000000000089170000000000420660005000000000008834
08200002000000000000000089050000000000111570005000000000002343
08200002000000000000000089300000000000053310005000000000001119
08200002000000000000000088930000000000079340005000000000001666
08200002000000000000000089180000000000041740005000000000000876
08200002000000000000000089060000000000201940005000000000004241
08200002000000000000000089310000000000115950005000000000002435
08200002000000000000000088940000000000069420005000000000001458
08200002000000000000000089190000000000090910005000000000001909
08200002000000000000000089070000000000083880005000000000001762
08200002000000000000000089320000000000090910005000000000001909
08200002000000000000000088950000000000035120005000000000000738
08200002000000000000000089200000000000042150005000000000000885
08200002000000000000000089080000000000119830005000000000002517
08200002000000000000000089330000000000028510005000000000000599
08200002000000000000000088960000000000028260005000000000000594
08200002000000000000000089210000000000194340005000000000004081
08200002000000000000000089090000000000331820005000000000006968
08200002000000000000000089340000000000107190005000000000002251
08200002000000000000000088970000000000028510005000000000000599
08200002000000000000000089220000000000149170005000000000003133
08200002000000000000000089100000000000157850005000000000003315
08200002000000000000000089350000000000116530005000000000002447
08200002000000000000000088980000000000041320005000000000000868
08200002000000000000000089230000000000062810005000000000001319
08200002000000000000000089110000000000109090005000000000002291
08200002000000000000000088990000000000103100005000000000002165
08200002000000000000000089240000000000039260005000000000000824
08200002000000000000000089120000000000195290005000000000004101
08200002000000000000000088870000000000081820005000000000001718
08200002000000000000000089000000000000055370005000000000001163
08200002000000000000000089250000000000050000005000000000001050
08200002000000000000000089130000000000161360005000000000003389
08200002000000000000000088880000000000031900005000000000000670
08200002000000000000000089010000000000377480005000000000007927
08200002000000000000000089260000000000051980005000000000001092
08200002000000000000000089140000000000093800005000000000001970
08200002000000000000000088890000000000019130005000000000000402
08200002000000000000000089020000000000103600005000000000002175
08200002000000000000000089270000000000073930005000000000001552
08200002000000000000000089530000000000021900005000000000000460
08200002000000000000000089660000000000032230005000000000000677
08200002000000000000000089410000000000039670005000000000000833
08200002000000000000000089540000000000037110005000000000000779
08200002000000000000000089670000000000021320005000000000000448
08200002000000000000000089420000000000061570005000000000001293
08200002000000000000000089550000000000080990005000000000001701
08200002000000000000000089680000000000080990005000000000001701
08200002000000000000000089430000000000042980005000000000000902
08200002000000000000000089560000000000052890005000000000001111
08200002000000000000000089690000000000048350005000000000001015
08200002000000000000000089440000000000030580005000000000000642
08200002000000000000000089570000000000416400005000000000008745
08200002000000000000000089450000000000097730005000000000002052
08200002000000000000000089580000000000129550005000000000002720
08200002000000000000000089460000000000106820005000000000002243
08200002000000000000000089590000000000091530005000000000001922
08200002000000000000000089470000000000048760005000000000001024
08200002000000000000000089600000000000064880005000000000001362
08200002000000000000000089480000000000039880005000000000000837
08200002000000000000000089610000000000038220005000000000000803
08200002000000000000000089360000000000086400005000000000001815
08200002000000000000000089490000000000138020005000000000002898
08200002000000000000000089620000000000046690005000000000000981
08200002000000000000000089370000000000197520005000000000004148
08200002000000000000000089500000000000151490005000000000003181
08200002000000000000000089630000000000087270005000000000001833
08200002000000000000000089380000000000100410005000000000002109
08200002000000000000000089510000000000029750005000000000000625
08200002000000000000000089640000000000040910005000000000000859
08200002000000000000000089390000000000028930005000000000000607
08200002000000000000000089520000000000054130005000000000001137
08200002000000000000000089650000000000086780005000000000001822
08200002000000000000000089400000000000073220005000000000001538
08200002000000000000000089810000000000027270005000000000000573
08200002000000000000000089940000000000047930005000000000001007
08200002000000000000000089820000000000085330005000000000001792
08200002000000000000000089950000000000071280005000000000001497
08200002000000000000000089830000000000074380005000000000001562
08200002000000000000000089960000000000098550005000000000002070
08200002000000000000000089840000000000066940005000000000001406
08200002000000000000000089970000000000108880005000000000002287
08200002000000000000000089700000000000032440005000000000000681
08200002000000000000000089850000000000085540005000000000001796
08200002000000000000000089980000000000035620005000000000000748
08200002000000000000000089710000000000076240005000000000001601
08200002000000000000000089860000000000102480005000000000002152
08200002000000000000000089990000000000068510005000000000001439
08200002000000000000000089720000000000039260005000000000000824
08200002000000000000000089870000000000116030005000000000002437
08200002000000000000000090000000000000059920005000000000001258
08200002000000000000000089730000000000053100005000000000001115
08200002000000000000000089880000000000092980005000000000001952
08200002000000000000000090010000000000040080005000000000000842
08200002000000000000000089760000000000069420005000000000001458
08200002000000000000000089890000000000031400005000000000000660
08200002000000000000000090020000000000090910005000000000001909
08200002000000000000000089770000000000077850005000000000001635
08200002000000000000000089900000000000194010005000000000004074
08200002000000000000000090030000000000094210005000000000001979
08200002000000000000000089780000000000053880005000000000001132
08200002000000000000000089910000000000127270005000000000002673
08200002000000000000000090040000000000092560005000000000001944
08200002000000000000000089790000000000038020005000000000000798
08200002000000000000000089920000000000034260005000000000000719
08200002000000000000000090050000000000038020005000000000000798
08200002000000000000000089800000000000022310005000000000000469
08200002000000000000000089930000000000075210005000000000001579
08200002000000000000000090060000000000023550005000000000000495
08200002000000000000000090190000000000085950005000000000001805
08200002000000000000000090320000000000321690005000000000006756
08200002000000000000000090450000000000171120005000000000003593
08200002000000000000000090070000000000040700005000000000000855
08200002000000000000000090200000000000107640005000000000002261
08200002000000000000000090330000000000271490005000000000005701
08200002000000000000000090460000000000152270005000000000003198
08200002000000000000000090080000000000396690005000000000008331
08200002000000000000000090210000000000097930005000000000002057
08200002000000000000000090340000000000005790005000000000000121
08200002000000000000000090470000000000036400005000000000000765
08200002000000000000000090090000000000076030005000000000001597
08200002000000000000000090220000000000119340005000000000002506
08200002000000000000000090350000000000024790005000000000000521
08200002000000000000000090480000000000050790005000000000001066
08200002000000000000000090100000000000103930005000000000002182
08200002000000000000000090230000000000025830005000000000000542
08200002000000000000000090360000000000094210005000000000001979
08200002000000000000000090490000000000216320005000000000004543
08200002000000000000000090110000000000061160005000000000001284
08200002000000000000000090240000000000013350005000000000000280
08200002000000000000000090370000000000052890005000000000001111
08200002000000000000000090500000000000040620005000000000000853
08200002000000000000000090120000000000045660005000000000000959
08200002000000000000000090250000000000102480005000000000002152
08100002000000000000000090380000000000224790005000000000004721
08200002000000000000000090510000000000020660005000000000000434
08200002000000000000000090130000000000106980005000000000002247
08200002000000000000000090260000000000085950005000000000001805
08200002000000000000000090390000000000043020005000000000000903
08200002000000000000000090140000000000032980005000000000000692
08200002000000000000000090270000000000032230005000000000000677
08200002000000000000000090400000000000061980005000000000001302
08200002000000000000000090150000000000065700005000000000001380
08200002000000000000000090280000000000031400005000000000000660
08200002000000000000000090410000000000100000005000000000002100
08200002000000000000000090160000000000080660005000000000001694
08200002000000000000000090290000000000173550005000000000003645
08200002000000000000000090420000000000174830005000000000003672
08200002000000000000000090170000000000023060005000000000000484
08200002000000000000000090300000000000114550005000000000002405
08200002000000000000000090430000000000096240005000000000002021
08200002000000000000000090180000000000116320005000000000002443
08200002000000000000000090310000000000033470005000000000000703
08200002000000000000000090440000000000017770005000000000000373
08200002000000000000000090830000000000220330005000000000004627
08200002000000000000000090960000000000124500005000000000002615
08200002000000000000000090580000000000087190005000000000001831
08200002000000000000000090710000000000327310005000000000006874
08200002000000000000000090840000000000089260005000000000001874
08200002000000000000000090970000000000223350005000000000004690
08200002000000000000000090590000000000297310005000000000006244
08200002000000000000000090720000000000036570005000000000000768
08200002000000000000000090850000000000268310005000000000005634
08200002000000000000000090980000000000085540005000000000001796
08200002000000000000000090600000000000209380005000000000004397
08200002000000000000000090730000000000085120005000000000001788
08200002000000000000000090860000000000121030005000000000002542
08200002000000000000000090990000000000038430005000000000000807
08200002000000000000000090610000000000065290005000000000001371
08200002000000000000000090740000000000072810005000000000001529
08200002000000000000000090870000000000111650005000000000002345
08200002000000000000000090620000000000123970005000000000002603
08200002000000000000000090750000000000094210005000000000001979
08200002000000000000000090880000000000032020005000000000000673
08200002000000000000000090630000000000064670005000000000001358
08200002000000000000000090760000000000208140005000000000004371
08200002000000000000000090890000000000104960005000000000002204
08200002000000000000000090640000000000114050005000000000002395
08200002000000000000000090770000000000083880005000000000001762
08200002000000000000000090900000000000089260005000000000001874
08200002000000000000000090520000000000041280005000000000000867
08200002000000000000000090650000000000039670005000000000000833
08200002000000000000000090780000000000598350005000000000012565
08200002000000000000000090910000000000024710005000000000000519
08200002000000000000000090530000000000028970005000000000000608
08200002000000000000000090660000000000363640005000000000007636
08200002000000000000000090790000000000037600005000000000000790
08200002000000000000000090920000000000079130005000000000001662
08200002000000000000000090540000000000283720005000000000005958
08200002000000000000000090670000000000047110005000000000000989
08200002000000000000000090800000000000038020005000000000000798
08200002000000000000000090930000000000078600005000000000001650
08200002000000000000000090550000000000079880005000000000001677
08200002000000000000000090680000000000162440005000000000003411
08200002000000000000000090810000000000563020005000000000011823
08200002000000000000000090940000000000038020005000000000000798
08200002000000000000000090560000000000213840005000000000004491
08200002000000000000000090690000000000253510005000000000005324
08200002000000000000000090820000000000047930005000000000001007
08200002000000000000000090950000000000214920005000000000004513
08200002000000000000000090570000000000070660005000000000001484
08200002000000000000000090700000000000108350005000000000002275
08200002000000000000000091090000000000056820005000000000001193
08200002000000000000000091220000000000016450005000000000000345
08200002000000000000000091350000000000293060005000000000006154
08200002000000000000000091100000000000102270005000000000002148
08200002000000000000000091230000000000187400005000000000003935
08200002000000000000000091360000000000102020005000000000002143
08200002000000000000000091110000000000097520005000000000002048
08200002000000000000000091240000000000194830005000000000004092
08200002000000000000000091370000000000375210005000000000007879
08200002000000000000000091120000000000088260005000000000001854
08200002000000000000000091250000000000138840005000000000002916
08200002000000000000000091380000000000035870005000000000000753
08200002000000000000000091000000000000216690005000000000004551
08200002000000000000000091130000000000155370005000000000003263
08200002000000000000000091260000000000050580005000000000001062
08200002000000000000000091390000000000186120005000000000003908
08200002000000000000000091010000000000433880005000000000009112
08200002000000000000000091140000000000312400005000000000006560
08200002000000000000000091270000000000112810005000000000002369
08200002000000000000000091400000000000221820005000000000004658
08200002000000000000000091020000000000141740005000000000002976
08200002000000000000000091150000000000086320005000000000001813
08200002000000000000000091280000000000018180005000000000000382
08200002000000000000000091410000000000138640005000000000002911
08200002000000000000000091030000000000044630005000000000000937
08200002000000000000000091160000000000244630005000000000005137
08200002000000000000000091290000000000097730005000000000002052
08200002000000000000000091420000000000475120005000000000009978
08200002000000000000000091040000000000072930005000000000001532
08200002000000000000000091170000000000028930005000000000000607
08200002000000000000000091300000000000077480005000000000001627
08200002000000000000000091430000000000112480005000000000002362
08200002000000000000000091050000000000195040005000000000004096
08200002000000000000000091180000000000053310005000000000001119
08200002000000000000000091310000000000085120005000000000001788
08200002000000000000000091060000000000063970005000000000001343
08200002000000000000000091190000000000224790005000000000004721
08200002000000000000000091320000000000031400005000000000000660
08200002000000000000000091070000000000070250005000000000001475
08200002000000000000000091200000000000038020005000000000000798
08200002000000000000000091330000000000093390005000000000001961
08200002000000000000000091080000000000214880005000000000004512
08200002000000000000000091210000000000138180005000000000002902
08200002000000000000000091340000000000052070005000000000001093
08200002000000000000000091470000000000054550005000000000001145
08200002000000000000000091480000000000244630005000000000005137
08200002000000000000000091610000000000038840005000000000000816
08200002000000000000000091740000000000038430005000000000000807
08200002000000000000000091490000000000129050005000000000002710
08200002000000000000000091620000000000285000005000000000005985
08200002000000000000000091750000000000026030005000000000000547
08200002000000000000000091500000000000097930005000000000002057
08200002000000000000000091630000000000050250005000000000001055
08200002000000000000000091760000000000038020005000000000000798
08200002000000000000000091510000000000038220005000000000000803
08200002000000000000000091640000000000033060005000000000000694
08200002000000000000000091770000000000192360005000000000004039
08200002000000000000000091520000000000241120005000000000005063
08200002000000000000000091650000000000113020005000000000002373
08200002000000000000000091780000000000028930005000000000000607
08200002000000000000000091530000000000119090005000000000002501
08200002000000000000000091660000000000239670005000000000005033
08200002000000000000000091790000000000017360005000000000000364
08200002000000000000000091540000000000137890005000000000002896
08200002000000000000000091670000000000417930005000000000008777
08200002000000000000000091800000000000065700005000000000001380
08200002000000000000000091550000000000241030005000000000005062
08200002000000000000000091680000000000076860005000000000001614
08200002000000000000000091810000000000066120005000000000001388
08200002000000000000000091560000000000047110005000000000000989
08200002000000000000000091690000000000110740005000000000002326
08200002000000000000000091820000000000115080005000000000002417
08200002000000000000000091570000000000318180005000000000006682
08200002000000000000000091700000000000118180005000000000002482
08200002000000000000000091440000000000042930005000000000000902
08200002000000000000000091580000000000164260005000000000003449
08200002000000000000000091710000000000156690005000000000003291
08200002000000000000000091450000000000033470005000000000000703
08200002000000000000000091590000000000184090005000000000003866
08200002000000000000000091720000000000023140005000000000000486
08200002000000000000000091460000000000206200005000000000004330
08200002000000000000000091600000000000066120005000000000001388
08200002000000000000000091730000000000030580005000000000000642
08200002000000000000000091860000000000225830005000000000004742
08200002000000000000000091990000000000075250005000000000001580
08200002000000000000000092120000000000098680005000000000002072
08200002000000000000000092250000000000014880005000000000000312
08200002000000000000000091870000000000042270005000000000000888
08200002000000000000000092000000000000069170005000000000001453
08200002000000000000000092130000000000064460005000000000001354
08200002000000000000000092260000000000192360005000000000004039
08200002000000000000000091880000000000251650005000000000005285
08200002000000000000000092010000000000114590005000000000002406
08200002000000000000000092140000000000108880005000000000002287
08200002000000000000000092270000000000124790005000000000002621
08200002000000000000000091890000000000005410005000000000000114
08200002000000000000000092020000000000063180005000000000001327
08200002000000000000000092150000000000058680005000000000001232
08200002000000000000000092280000000000066940005000000000001406
08200002000000000000000091900000000000201650005000000000004235
08200002000000000000000092030000000000048760005000000000001024
08200002000000000000000092160000000000271070005000000000005693
08200002000000000000000092290000000000044630005000000000000937
08200002000000000000000091910000000000305620005000000000006418
08200002000000000000000092040000000000148070005000000000003109
08200002000000000000000092170000000000138840005000000000002916
08200002000000000000000092300000000000136320005000000000002863
08200002000000000000000091920000000000063310005000000000001329
08200002000000000000000092050000000000053100005000000000001115
08200002000000000000000092180000000000028930005000000000000607
08200002000000000000000092310000000000027070005000000000000568
08200002000000000000000091930000000000054710005000000000001149
08200002000000000000000092060000000000029130005000000000000612
08200002000000000000000092190000000000225950005000000000004745
08200002000000000000000092320000000000111570005000000000002343
08200002000000000000000091940000000000069300005000000000001455
08200002000000000000000092070000000000169420005000000000003558
08200002000000000000000092200000000000026450005000000000000555
08200002000000000000000092330000000000076450005000000000001605
08200002000000000000000091950000000000042150005000000000000885
08200002000000000000000092080000000000178510005000000000003749
08200002000000000000000092210000000000054130005000000000001137
08200002000000000000000092340000000000058880005000000000001237
08200002000000000000000091830000000000214880005000000000004512
08200002000000000000000091960000000000065910005000000000001384
08200002000000000000000092090000000000080990005000000000001701
08200002000000000000000092220000000000061980005000000000001302
08200002000000000000000092350000000000023970005000000000000503
08200002000000000000000091840000000000101400005000000000002130
08200002000000000000000091970000000000152730005000000000003207
08200002000000000000000092100000000000029550005000000000000620
08200002000000000000000092230000000000083060005000000000001744
08200002000000000000000092360000000000075080005000000000001577
08200002000000000000000091850000000000068390005000000000001436
08200002000000000000000091980000000000046280005000000000000972
08200002000000000000000092110000000000043430005000000000000912
08200002000000000000000092240000000000093970005000000000001973
08200002000000000000000092500000000000038020005000000000000798
08200002000000000000000092380000000000062110005000000000001304
08200002000000000000000092510000000000076450005000000000001605
08200002000000000000000092390000000000083930005000000000001762
08200002000000000000000092520000000000070040005000000000001471
08200002000000000000000092400000000000092980005000000000001952
08200002000000000000000092530000000000078800005000000000001655
08200002000000000000000092410000000000101900005000000000002140
08200002000000000000000092540000000000237600005000000000004990
08200002000000000000000092420000000000038430005000000000000807
08200002000000000000000092550000000000032230005000000000000677
08200002000000000000000092430000000000094210005000000000001979
08200002000000000000000092560000000000060990005000000000001281
08200002000000000000000092440000000000030170005000000000000633
08200002000000000000000092570000000000043800005000000000000920
08200002000000000000000092450000000000058060005000000000001219
08200002000000000000000092580000000000028930005000000000000607
08200002000000000000000092460000000000044590005000000000000936
08200002000000000000000092590000000000111980005000000000002352
08200002000000000000000092470000000000046280005000000000000972
08200002000000000000000092480000000000095290005000000000002001
08200002000000000000000092490000000000276320005000000000005803
08200002000000000000000092370000000000070500005000000000001480
08200002000000000000000093140000000000123970005000000000002603
08200002000000000000000092630000000000033060005000000000000694
08200002000000000000000092760000000000018310005000000000000384
08200002000000000000000092890000000000083680005000000000001757
08200002000000000000000093020000000000157440005000000000003306
08200002000000000000000093150000000000153720005000000000003228
08200002000000000000000092640000000000452190005000000000009496
08200002000000000000000092770000000000592560005000000000012444
08200002000000000000000092900000000000193390005000000000004061
08200002000000000000000093030000000000135540005000000000002846
08200002000000000000000093160000000000016780005000000000000352
08200002000000000000000092650000000000095870005000000000002013
08200002000000000000000092780000000000592560005000000000012444
08200002000000000000000092910000000000276900005000000000005815
08200002000000000000000093040000000000210660005000000000004424
08200002000000000000000093170000000000071160005000000000001494
08200002000000000000000092660000000000031820005000000000000668
08200002000000000000000092790000000000030700005000000000000645
08200002000000000000000092920000000000046280005000000000000972
08200002000000000000000093050000000000041820005000000000000878
08200002000000000000000093180000000000096490005000000000002026
08200002000000000000000092670000000000222520005000000000004673
08200002000000000000000092800000000000040910005000000000000859
08200002000000000000000092930000000000033880005000000000000712
08200002000000000000000093060000000000404550005000000000008495
08200002000000000000000092680000000000067440005000000000001416
08200002000000000000000092810000000000052890005000000000001111
08200002000000000000000092940000000000123970005000000000002603
08200002000000000000000093070000000000076240005000000000001601
08200002000000000000000092690000000000237190005000000000004981
08200002000000000000000092820000000000103720005000000000002178
08200002000000000000000092950000000000221070005000000000004643
08200002000000000000000093080000000000247310005000000000005194
08200002000000000000000092700000000000048100005000000000001010
08200002000000000000000092830000000000049590005000000000001041
08200002000000000000000092960000000000094210005000000000001979
08200002000000000000000093090000000000168180005000000000003532
08200002000000000000000092710000000000039050005000000000000820
08200002000000000000000092840000000000026780005000000000000562
08200002000000000000000092970000000000173550005000000000003645
08200002000000000000000093100000000000198350005000000000004165
08200002000000000000000092720000000000076160005000000000001599
08200002000000000000000092850000000000017770005000000000000373
08200002000000000000000092980000000000243800005000000000005120
08200002000000000000000093110000000000352480005000000000007402
08200002000000000000000092600000000000137190005000000000002881
08200002000000000000000092730000000000100830005000000000002117
08200002000000000000000092860000000000396690005000000000008331
08200002000000000000000092990000000000106610005000000000002239
08200002000000000000000093120000000000069340005000000000001456
08200002000000000000000092610000000000103310005000000000002169
08200002000000000000000092740000000000070660005000000000001484
08200002000000000000000092870000000000030580005000000000000642
08200002000000000000000093000000000000053720005000000000001128
08200002000000000000000093130000000000076860005000000000001614
08200002000000000000000092620000000000074380005000000000001562
08200002000000000000000092750000000000009920005000000000000208
08200002000000000000000092880000000000065290005000000000001371
08200002000000000000000093010000000000341320005000000000007168
08200002000000000000000093780000000000580170005000000000012183
08200002000000000000000094030000000000382640005000000000008036
08200002000000000000000093270000000000348680005000000000007322
08200002000000000000000093400000000000168180005000000000003532
08200002000000000000000093530000000000132230005000000000002777
08200002000000000000000093660000000000071070005000000000001493
08200002000000000000000093910000000000065700005000000000001380
08200002000000000000000094040000000000026450005000000000000555
08200002000000000000000093280000000000321980005000000000006762
08200002000000000000000093410000000000090290005000000000001896
08200002000000000000000093540000000000071490005000000000001501
08200002000000000000000093790000000000030990005000000000000651
08200002000000000000000093670000000000125210005000000000002629
08200002000000000000000093920000000000016530005000000000000347
08200002000000000000000094050000000000163600005000000000003435
08200002000000000000000093290000000000039670005000000000000833
08200002000000000000000093420000000000047600005000000000001000
08200002000000000000000093550000000000050410005000000000001059
08200002000000000000000093800000000000047110005000000000000989
08200002000000000000000093680000000000075290005000000000001581
08200002000000000000000093930000000000017360005000000000000364
08200002000000000000000094060000000000173550005000000000003645
08200002000000000000000093300000000000670330005000000000014077
08200002000000000000000093430000000000583880005000000000012262
08200002000000000000000093560000000000081820005000000000001718
08200002000000000000000093810000000000126400005000000000002655
08200002000000000000000093690000000000181940005000000000003821
08200002000000000000000093940000000000119210005000000000002504
08200002000000000000000094070000000000042560005000000000000894
08200002000000000000000093310000000000053310005000000000001119
08200002000000000000000093440000000000454550005000000000009545
08200002000000000000000093570000000000157020005000000000003298
08200002000000000000000093820000000000173350005000000000003640
08200002000000000000000093700000000000026450005000000000000555
08200002000000000000000093950000000000034300005000000000000720
08200002000000000000000093190000000000020330005000000000000427
08200002000000000000000094080000000000132230005000000000002777
08200002000000000000000093320000000000100000005000000000002100
08200002000000000000000093450000000000062810005000000000001319
08200002000000000000000093580000000000188430005000000000003957
08200002000000000000000093830000000000127690005000000000002681
08200002000000000000000093710000000000038020005000000000000798
08200002000000000000000093960000000000111740005000000000002346
08200002000000000000000093200000000000041160005000000000000864
08200002000000000000000094090000000000661160005000000000013884
08200002000000000000000093330000000000299170005000000000006283
08200002000000000000000093460000000000047110005000000000000989
08200002000000000000000093590000000000015910005000000000000334
08200002000000000000000093840000000000037190005000000000000781
08200002000000000000000093720000000000029420005000000000000618
08200002000000000000000093970000000000034090005000000000000716
08200002000000000000000093210000000000403930005000000000008482
08200002000000000000000094100000000000504550005000000000010595
08200002000000000000000093340000000000176400005000000000003705
08200002000000000000000093470000000000352890005000000000007411
08200002000000000000000093600000000000406610005000000000008539
08200002000000000000000093850000000000075210005000000000001579
08200002000000000000000093730000000000035540005000000000000746
08200002000000000000000093980000000000032230005000000000000677
08200002000000000000000093220000000000268800005000000000005645
08200002000000000000000094110000000000167480005000000000003517
08200002000000000000000093350000000000380990005000000000008001
08200002000000000000000093480000000000220660005000000000004634
08200002000000000000000093610000000000131820005000000000002768
08200002000000000000000093860000000000018390005000000000000386
08200002000000000000000093740000000000035950005000000000000755
08200002000000000000000093990000000000054550005000000000001145
08200002000000000000000093230000000000197520005000000000004148
08200002000000000000000094120000000000031610005000000000000664
08200002000000000000000093360000000000155990005000000000003276
08200002000000000000000093490000000000023760005000000000000499
08200002000000000000000093620000000000191530005000000000004022
08200002000000000000000093870000000000136360005000000000002864
08200002000000000000000093750000000000020620005000000000000433
08200002000000000000000094000000000000377890005000000000007936
08200002000000000000000093240000000000161070005000000000003383
08200002000000000000000093370000000000180990005000000000003801
08200002000000000000000093500000000000772730005000000000016227
08200002000000000000000093630000000000027270005000000000000573
08200002000000000000000093880000000000249790005000000000005246
08200002000000000000000093760000000000782230005000000000016427
08200002000000000000000094010000000000099830005000000000002097
08200002000000000000000093250000000000126280005000000000002652
08200002000000000000000093380000000000034710005000000000000729
08200002000000000000000093510000000000401650005000000000008435
08200002000000000000000093640000000000142400005000000000002990
08200002000000000000000093890000000000119010005000000000002499
08200002000000000000000093770000000000070660005000000000001484
08200002000000000000000094020000000000134090005000000000002816
08200002000000000000000093260000000000185120005000000000003888
08200002000000000000000093390000000000219830005000000000004617
08200002000000000000000093520000000000051240005000000000001076
08200002000000000000000093650000000000626860005000000000013164
08200002000000000000000093900000000000364460005000000000007654
08200002000000000000000094670000000000060330005000000000001267
08200002000000000000000094160000000000041740005000000000000876
08200002000000000000000094800000000000652890005000000000013711
08200002000000000000000094290000000000172400005000000000003620
08200002000000000000000094930000000000016530005000000000000347
08200002000000000000000094420000000000006610005000000000000139
08200002000000000000000094550000000000047110005000000000000989
08200002000000000000000094680000000000047930005000000000001007
08200002000000000000000094170000000000083390005000000000001751
08200002000000000000000094810000000000496280005000000000010422
08200002000000000000000094300000000000384090005000000000008066
08200002000000000000000094940000000000664050005000000000013945
08200002000000000000000094430000000000375410005000000000007884
08200002000000000000000094560000000000025210005000000000000529
08200002000000000000000094690000000000134050005000000000002815
08200002000000000000000094180000000000444710005000000000009339
08200002000000000000000094820000000000260830005000000000005477
08200002000000000000000094310000000000164260005000000000003449
08200002000000000000000094950000000000352890005000000000007411
08200002000000000000000094440000000000058470005000000000001228
08200002000000000000000094570000000000664880005000000000013962
08200002000000000000000094700000000000054550005000000000001145
08200002000000000000000094190000000000133970005000000000002813
08200002000000000000000094830000000000027270005000000000000573
08200002000000000000000094320000000000052070005000000000001093
08200002000000000000000094450000000000202690005000000000004256
08200002000000000000000094580000000000177690005000000000003731
08200002000000000000000094710000000000376490005000000000007906
08200002000000000000000094200000000000037190005000000000000781
08200002000000000000000094840000000000114880005000000000002412
08200002000000000000000094330000000000661160005000000000013884
08200002000000000000000094460000000000429790005000000000009026
08200002000000000000000094590000000000130990005000000000002751
08200002000000000000000094720000000000223140005000000000004686
08200002000000000000000094210000000000016320005000000000000343
08200002000000000000000094850000000000464460005000000000009754
08200002000000000000000094340000000000661160005000000000013884
08200002000000000000000094470000000000093390005000000000001961
08200002000000000000000094600000000000173550005000000000003645
08200002000000000000000094730000000000074790005000000000001571
08200002000000000000000094220000000000092360005000000000001939
08200002000000000000000094860000000000043390005000000000000911
08200002000000000000000094350000000000023970005000000000000503
08200002000000000000000094480000000000082440005000000000001731
08200002000000000000000094610000000000561980005000000000011802
08200002000000000000000094740000000000054670005000000000001148
08200002000000000000000094230000000000173680005000000000003647
08200002000000000000000094870000000000073970005000000000001553
08200002000000000000000094360000000000812810005000000000017069
08200002000000000000000094490000000000050410005000000000001059
08200002000000000000000094620000000000054550005000000000001145
08200002000000000000000094750000000000221490005000000000004651
08200002000000000000000094240000000000292560005000000000006144
08200002000000000000000094880000000000036160005000000000000759
08200002000000000000000094370000000000176450005000000000003705
08200002000000000000000094500000000000209090005000000000004391
08200002000000000000000094630000000000247930005000000000005207
08200002000000000000000094760000000000267770005000000000005623
08200002000000000000000094250000000000219500005000000000004610
08200002000000000000000094890000000000227270005000000000004773
08200002000000000000000094380000000000015700005000000000000330
08200002000000000000000094510000000000086780005000000000001822
08200002000000000000000094640000000000205370005000000000004313
08200002000000000000000094130000000000283470005000000000005953
08200002000000000000000094770000000000086160005000000000001809
08200002000000000000000094260000000000071900005000000000001510
08200002000000000000000094900000000000496280005000000000010422
08200002000000000000000094390000000000101030005000000000002122
08200002000000000000000094520000000000113640005000000000002386
08200002000000000000000094650000000000123640005000000000002596
08200002000000000000000094140000000000446280005000000000009372
08200002000000000000000094780000000000016120005000000000000338
08200002000000000000000094270000000000027520005000000000000578
08200002000000000000000094910000000000257850005000000000005415
08200002000000000000000094400000000000552690005000000000011606
08200002000000000000000094530000000000081570005000000000001713
08200002000000000000000094660000000000200830005000000000004217
08200002000000000000000094150000000000026860005000000000000564
08200002000000000000000094790000000000681820005000000000014318
08200002000000000000000094280000000000099170005000000000002083
08200002000000000000000094920000000000019830005000000000000417
08200002000000000000000094410000000000485540005000000000010196
08200002000000000000000094540000000000798350005000000000016765
08200002000000000000000095320000000000496280005000000000010422
08200002000000000000000095450000000000056360005000000000001184
08200002000000000000000095580000000000016530005000000000000347
08200002000000000000000095710000000000436860005000000000009174
08200002000000000000000095060000000000059500005000000000001250
08200002000000000000000095190000000000013220005000000000000278
08200002000000000000000095330000000000229960005000000000004829
08200002000000000000000095460000000000030540005000000000000641
08200002000000000000000095590000000000138430005000000000002907
08200002000000000000000095720000000000203310005000000000004269
08200002000000000000000095070000000000163220005000000000003428
08200002000000000000000095200000000000364960005000000000007664
08200002000000000000000095340000000000176360005000000000003704
08200002000000000000000095470000000000237190005000000000004981
08200002000000000000000095600000000000068550005000000000001440
08200002000000000000000095730000000000087520005000000000001838
08200002000000000000000095080000000000032230005000000000000677
08200002000000000000000095210000000000140500005000000000002950
08200002000000000000000095350000000000027270005000000000000573
08200002000000000000000095480000000000088020005000000000001848
08200002000000000000000095610000000000248140005000000000005211
08200002000000000000000094960000000000278100005000000000005840
08200002000000000000000095740000000000362930005000000000007622
08200002000000000000000095090000000000282640005000000000005936
08200002000000000000000095220000000000021490005000000000000451
08200002000000000000000095360000000000777360005000000000016324
08200002000000000000000095490000000000318180005000000000006682
08200002000000000000000095620000000000640000005000000000013440
08200002000000000000000094970000000000276940005000000000005816
08200002000000000000000095750000000000044010005000000000000924
08200002000000000000000095100000000000047930005000000000001007
08200002000000000000000095230000000000064920005000000000001363
08200002000000000000000095370000000000334710005000000000007029
08200002000000000000000095500000000000139050005000000000002920
08200002000000000000000095630000000000059500005000000000001250
08200002000000000000000094980000000000624170005000000000013108
08200002000000000000000095760000000000024790005000000000000521
08200002000000000000000095110000000000353720005000000000007428
08200002000000000000000095240000000000021070005000000000000443
08200002000000000000000095380000000000204960005000000000004304
08200002000000000000000095510000000000227270005000000000004773
08200002000000000000000095640000000000066980005000000000001407
08200002000000000000000094990000000000459090005000000000009641
08200002000000000000000095770000000000031400005000000000000660
08200002000000000000000095120000000000331400005000000000006960
08200002000000000000000095250000000000083720005000000000001758
08200002000000000000000095390000000000382440005000000000008031
08200002000000000000000095520000000000052070005000000000001093
08200002000000000000000095650000000000141070005000000000002963
08200002000000000000000095000000000000138840005000000000002916
08200002000000000000000095780000000000043020005000000000000903
08200002000000000000000095130000000000174050005000000000003655
08200002000000000000000095260000000000091740005000000000001926
08200002000000000000000095400000000000128930005000000000002707
08200002000000000000000095530000000000801650005000000000016835
08200002000000000000000095660000000000033880005000000000000712
08200002000000000000000095010000000000255500005000000000005365
08200002000000000000000095140000000000163640005000000000003436
08200002000000000000000095270000000000187730005000000000003942
08200002000000000000000095410000000000014630005000000000000307
08200002000000000000000095540000000000071280005000000000001497
08200002000000000000000095670000000000047190005000000000000991
08200002000000000000000095020000000000020660005000000000000434
08200002000000000000000095150000000000501240005000000000010526
08200002000000000000000095280000000000053310005000000000001119
08200002000000000000000095420000000000694630005000000000014587
08200002000000000000000095550000000000299170005000000000006283
08200002000000000000000095680000000000128930005000000000002707
08200002000000000000000095030000000000122480005000000000002572
08200002000000000000000095160000000000127270005000000000002673
08200002000000000000000095290000000000403930005000000000008482
08200002000000000000000095430000000000132260005000000000002777
08200002000000000000000095560000000000293180005000000000006157
08200002000000000000000095690000000000226610005000000000004759
08200002000000000000000095040000000000035790005000000000000751
08200002000000000000000095170000000000167770005000000000003523
08200002000000000000000095310000000000198350005000000000004165
08200002000000000000000095440000000000027270005000000000000573
08200002000000000000000095570000000000097110005000000000002039
08200002000000000000000095700000000000227270005000000000004773
08200002000000000000000095050000000000086780005000000000001822
08200002000000000000000095180000000000344260005000000000007229
08200002000000000000000095960000000000310210005000000000006514
08200002000000000000000096210000000000023140005000000000000486
08200002000000000000000096090000000000288430005000000000006057
08200002000000000000000095840000000000283310005000000000005949
08200002000000000000000095970000000000027270005000000000000573
08200002000000000000000096220000000000336070005000000000007058
08200002000000000000000096100000000000152480005000000000003202
08200002000000000000000095850000000000198350005000000000004165
08200002000000000000000095980000000000176030005000000000003697
08200002000000000000000096230000000000045450005000000000000955
08200002000000000000000095860000000000601160005000000000012624
08200002000000000000000096110000000000455370005000000000009563
08200002000000000000000095990000000000234300005000000000004920
08200002000000000000000096240000000000260330005000000000005467
08200002000000000000000095870000000000262190005000000000005506
08200002000000000000000096120000000000328510005000000000006899
08200002000000000000000096000000000000266780005000000000005602
08200002000000000000000096250000000000180370005000000000003788
08200002000000000000000095880000000000016530005000000000000347
08200002000000000000000096130000000000181820005000000000003818
08200002000000000000000096010000000000092730005000000000001947
08200002000000000000000096260000000000086780005000000000001822
08200002000000000000000095890000000000312480005000000000006562
08200002000000000000000096140000000000335540005000000000007046
08200002000000000000000096020000000000025290005000000000000531
08200002000000000000000096270000000000019010005000000000000399
08200002000000000000000095900000000000028510005000000000000599
08200002000000000000000096150000000000349460005000000000007339
08200002000000000000000096030000000000018600005000000000000390
08200002000000000000000096280000000000188430005000000000003957
08200002000000000000000095910000000000245040005000000000005146
08200002000000000000000096160000000000040500005000000000000850
08200002000000000000000096040000000000178060005000000000003739
08200002000000000000000096290000000000009920005000000000000208
08200002000000000000000095790000000000681820005000000000014318
08200002000000000000000095920000000000250830005000000000005267
08200002000000000000000096170000000000177690005000000000003731
08200002000000000000000096050000000000338220005000000000007103
08200002000000000000000096300000000000039670005000000000000833
08200002000000000000000095800000000000209920005000000000004408
08200002000000000000000095930000000000143800005000000000003020
08200002000000000000000096180000000000332440005000000000006981
08200002000000000000000096060000000000021740005000000000000456
08200002000000000000000096310000000000458680005000000000009632
08200002000000000000000095810000000000058060005000000000001219
08200002000000000000000095940000000000529300005000000000011115
08200002000000000000000096190000000000065540005000000000001376
08200002000000000000000096070000000000227270005000000000004773
08200002000000000000000096320000000000219460005000000000004609
08200002000000000000000095820000000000763430005000000000016032
08200002000000000000000095950000000000018390005000000000000386
08200002000000000000000096200000000000253810005000000000005330
08200002000000000000000096080000000000416650005000000000008750
08200002000000000000000095830000000000367400005000000000007715
08200002000000000000000096850000000000164880005000000000003462
08200002000000000000000096340000000000327190005000000000006871
08200002000000000000000096980000000000235540005000000000004946
08200002000000000000000096470000000000708060005000000000014869
08200002000000000000000096600000000000084300005000000000001770
08200002000000000000000096730000000000088390005000000000001856
08200002000000000000000096860000000000140080005000000000002942
08200002000000000000000096350000000000055790005000000000001171
08200002000000000000000096990000000000176200005000000000003700
08200002000000000000000096480000000000035540005000000000000746
08200002000000000000000096610000000000289260005000000000006074
08200002000000000000000096740000000000141320005000000000002968
08200002000000000000000096870000000000550870005000000000011568
08200002000000000000000096360000000000141320005000000000002968
08200002000000000000000097000000000000163640005000000000003436
08200002000000000000000096490000000000057850005000000000001215
08200002000000000000000096620000000000050830005000000000001067
08200002000000000000000096750000000000086780005000000000001822
08200002000000000000000096880000000000028100005000000000000590
08200002000000000000000096370000000000136860005000000000002874
08200002000000000000000097010000000000752150005000000000015795
08200002000000000000000096500000000000314050005000000000006595
08200002000000000000000096630000000000052890005000000000001111
08200002000000000000000096760000000000094210005000000000001979
08200002000000000000000096890000000000190290005000000000003996
08200002000000000000000096380000000000033260005000000000000699
08200002000000000000000097020000000000174420005000000000003663
08200002000000000000000096510000000000243800005000000000005120
08200002000000000000000096640000000000178510005000000000003749
08200002000000000000000096770000000000076030005000000000001597
08200002000000000000000096900000000000805790005000000000016921
08200002000000000000000096390000000000023510005000000000000494
08200002000000000000000097030000000000326030005000000000006847
08200002000000000000000096520000000000332560005000000000006984
08200002000000000000000096650000000000077520005000000000001628
08200002000000000000000096780000000000082640005000000000001736
08200002000000000000000096910000000000102480005000000000002152
08200002000000000000000096400000000000411280005000000000008637
08200002000000000000000097040000000000198350005000000000004165
08200002000000000000000096530000000000152890005000000000003211
08200002000000000000000096660000000000167560005000000000003519
08200002000000000000000096790000000000054960005000000000001154
08200002000000000000000096920000000000068970005000000000001448
08200002000000000000000096410000000000232690005000000000004886
08200002000000000000000097050000000000026860005000000000000564
08200002000000000000000096540000000000096070005000000000002018
08200002000000000000000096670000000000214550005000000000004505
08200002000000000000000096800000000000047110005000000000000989
08200002000000000000000096930000000000031610005000000000000664
08200002000000000000000096420000000000667360005000000000014014
08200002000000000000000097060000000000050830005000000000001067
08200002000000000000000096550000000000023180005000000000000487
08200002000000000000000096680000000000138840005000000000002916
08200002000000000000000096810000000000158680005000000000003332
08200002000000000000000096940000000000328510005000000000006899
08200002000000000000000096430000000000069670005000000000001463
08200002000000000000000097070000000000395250005000000000008300
08200002000000000000000096560000000000010740005000000000000226
08200002000000000000000096690000000000048350005000000000001015
08200002000000000000000096820000000000316530005000000000006647
08200002000000000000000096950000000000064460005000000000001354
08200002000000000000000096440000000000769130005000000000016152
08200002000000000000000096570000000000267360005000000000005614
08200002000000000000000096700000000000101860005000000000002139
08200002000000000000000096830000000000130580005000000000002742
08200002000000000000000096960000000000048760005000000000001024
08200002000000000000000096450000000000417770005000000000008773
08200002000000000000000096580000000000031400005000000000000660
08200002000000000000000096710000000000061360005000000000001289
08200002000000000000000096840000000000047110005000000000000989
08200002000000000000000096330000000000052480005000000000001102
08200002000000000000000096970000000000235540005000000000004946
08200002000000000000000096460000000000781820005000000000016418
08200002000000000000000096590000000000046940005000000000000986
08200002000000000000000096720000000000053840005000000000001131
